30
149
70
60
169
3
137
844
1396
173
8094
35
261
21
1866
877
980
765
72
320
258
199
8025
197
185
99
160
183
635
224
262
117
58
82
172
116
145
122
133
77
69
66
53
84
50
52
47
65
40
34
127
33
37
19
29
31
33
36
16
11
24
32
21
59948
12616
11191
9511
8418
7287
6193
6982
7016
6296
5696
6722
4902
5782
4618
7348
6107
5010
3733
3386
2982
4074
3848
3299
3597
3152
3176
2501
3296
2835
3074
2699
2852
2595
2919
2413
2196
2164
2356
2164
2279
1408
2008
1777
2140
1736
1791
1848
2201
1767
2100
1368
1748
1426
1497
1783
1858
1721
3613
1739
1816
1181
1198
1651
1785
1347
1466
1325
1453
1675
1184
1547
1502
1612
1234
1546
1401
1213
1379
19793
1270
1239
931
1396
1173
1189
1347
1209
902
992
1233
1302
1238
914
1103
1465
944
1014
1361
979
1109
1190
1206
975
1312
1054
995
1053
935
1280
957
2386
1149
1193
845
811
1130
1869
866
809
1027
1403
1344
762
816
747
603
1014
801
914
772
690
931
1579
890
676
747
998
856
820
854
861
1224
799
672
744
569
599
678
952
932
1036
745
825
750
721
1708
850
967
658
681
743
776
968
747
767
573
578
705
610
632
948
766
599
507
566
713
736
872
399
870
717
923
658
811
625
830
540
672
763
711
703
727
819
740
730
631
748
540
424
797
887
734
659
1042
549
650
467
611
728
671
621
481
621
600
718
477
800
546
660
648
531
581
417
788
910
709
588
720
846
384
701
519
600
733
517
572
655
549
588
630
613
690
502
534
527
584
549
481
648
530
573
629
378
839
370
569
544
537
366
401
571
417
468
467
539
962
409
564
422
477
563
541
376
351
523
487
510
578
446
605
471
533
344
685
372
642
372
328
618
317
384
413
418
466
453
484
438
675
458
423
348
499
540
440
446
441
414
627
434
388
529
520
335
551
641
450
516
374
321
425
635
460
277
419
353
212
327
372
339
493
480
446
339
316
244
298
388
354
574
475
366
296
325
304
169
386
405
547
481
586
474
361
279
384
380
454
395
325
188
480
534
306
364
435
517
382
321
419
544
287
462
414
357
289
389
419
357
408
300
444
402
294
341
462
297
423
417
408
383
253
306
282
448
346
385
216
337
384
159
311
399
415
343
470
363
303
385
284
455
302
311
440
367
472
293
379
419
436
342
360
495
446
457
419
284
380
370
424
530
369
474
380
293
208
156
195
635
351
320
302
455
404
388
270
285
219
426
449
476
282
380
335
421
354
218
353
272
416
348
324
288
189
383
346
454
232
305
319
323
627
300
232
181
402
267
276
377
353
306
270
328
201
277
298
399
255
521
293
296
180
350
319
336
319
307
237
220
318
261
247
229
276
275
412
327
260
282
262
17313
332
403
200
270
302
393
365
234
345
181
171
426
359
272
353
199
329
267
229
324
399
254
434
298
215
296
249
249
259
336
212
198
425
351
359
394
336
318
307
340
199
368
257
281
210
187
316
277
197
331
228
173
824
325
185
279
295
252
381
263
369
2709
255
266
317
333
164
260
225
241
270
210
195
181
283
381
221
331
139
386
233
151
203
342
280
247
315
320
206
286
260
230
116
298
789
213
250
239
266
226
223
153
477
197
262
267
246
229
205
331
140
199
300
199
310
228
218
217
345
410
259
300
267
344
136
269
219
242
331
189
223
251
128
140
264
151
314
223
147
352
219
240
192
223
141
216
217
282
178
220
157
299
379
159
235
237
124
191
150
256
314
252
492
241
248
261
292
189
201
338
187
174
347
233
218
269
356
238
187
180
278
191
343
248
183
83
201
159
252
298
248
177
224
257
242
241
316
108
193
227
245
154
299
333
228
139
314
196
214
338
172
324
247
281
201
224
280
248
153
210
223
278
215
215
319
170
243
164
204
106
117
143
300
241
197
215
206
123
231
212
303
199
198
252
311
287
355
251
309
281
209
279
295
136
215
327
115
124
153
212
216
309
229
213
204
158
255
249
293
164
258
130
212
240
183
152
228
194
166
191
261
389
332
220
294
240
90
213
212
179
221
469
197
209
167
168
261
156
247
245
260
139
316
160
270
162
272
227
149
155
270
194
175
255
189
156
198
280
418
161
304
211
110
213
149
237
232
235
239
174
272
213
187
233
185
213
206
153
97
163
284
258
247
141
131
161
193
303
184
239
138
210
133
247
158
205
314
180
255
204
135
375
248
102
120
139
169
163
204
182
267
191
134
149
241
216
154
198
185
181
139
129
294
233
205
179
254
205
199
167
229
227
100
140
160
221
247
246
79
230
253
182
323
136
220
272
195
228
152
190
186
172
153
409
171
214
518
192
239
177
144
165
186
166
278
203
172
156
224
264
170
106
202
110
191
223
244
146
208
207
135
227
203
178
134
206
200
200
310
133
187
183
120
210
81
101
168
90
169
124
140
249
226
245
190
145
169
194
309
136
198
175
218
204
193
236
111
122
69
132
147
171
159
129
253
195
206
156
190
160
93
182
186
90
260
113
172
117
124
127
114
192
105
163
152
152
122
75
243
137
199
155
214
135
152
133
172
149
188
103
176
173
193
190
216
80
190
135
190
66
140
94
176
197
115
136
260
255
136
159
306
197
122
205
180
220
130
195
377
144
194
125
121
140
102
121
130
173
165
174
161
165
131
127
154
183
262
179
142
177
123
202
109
153
110
170
139
154
138
141
129
176
204
173
149
156
137
168
170
217
177
82
176
85
171
133
215
236
139
182
169
124
148
137
145
171
181
198
239
118
136
159
223
86
75
96
151
141
69
194
75
223
145
149
146
188
114
151
185
164
177
242
117
61
72
154
213
110
129
132
193
160
73
190
165
153
133
124
135
46
45
128
131
149
175
145
68
129
103
121
137
128
84
145
106
117
148
150
121
192
182
125
178
104
162
173
164
77
187
61
165
138
151
217
207
135
78
80
100
115
149
141
121
161
185
192
219
158
103
160
158
127
186
125
57
176
114
180
117
137
121
85
95
136
161
162
108
88
131
133
157
240
107
160
109
123
138
118
162
163
143
144
157
95
129
147
455
150
140
51
153
48
136
142
126
125
65
127
53
116
12991
78
68
125
166
129
182
155
140
150
187
66
161
89
127
100
136
116
140
313
90
122
226
89
104
138
110
233
186
167
184
80
71
148
60
162
90
178
147
170
185
154
64
98
109
125
54
97
187
144
105
109
103
290
158
101
77
151
133
100
148
94
96
99
78
101
181
62
67
138
129
148
120
122
81
117
158
87
129
105
218
112
241
141
70
106
139
116
58
109
98
83
195
109
62
170
110
137
118
113
81
76
102
124
128
56
127
171
94
70
142
81
114
134
126
135
133
103
90
178
142
98
163
67
88
153
251
107
297
116
193
154
107
106
157
217
102
145
121
117
130
132
76
152
147
71
136
148
166
120
77
85
73
119
100
55
130
108
113
117
110
141
79
115
155
86
107
105
102
198
72
219
139
101
92
125
160
115
57
50
70
178
111
140
152
68
74
122
105
61
21604
58
140
76
67
82
133
59
62
78
132
238
75
128
43
240
109
147
55
87
81
53
120
115
81
85
77
44
68
74
120
69
48
77
97
54
40
43
69
56
67
66
38
66
113
79
62
38
59
66
6146
61
75
41
65
42
52
82
72
60
93
101
46
77
78
82
86
92
63
86
77
92
57
65
78
77
102
69
106
48
73
42
45
101
42
100
17
102
51
101
78
107
97
56
118
109
82
82
106
96
53
82
77
64
116
161
83
60
82
128
72
97
76
61
84
54
87
91
93
131
89
68
37
125
75
51
40
45
76
88
85
66
48
61
269
129
42
134
63
83
42
58
81
76
114
50
87
72
41
70
77
74
74
46
103
57
43
52
106
45
57
207
43
100
66
74
89
115
96
82
110
74
45
96
65
72
73
88
38
102
115
66
74
53
45
46
90
75
66
94
91
67
65
70
56
79
41
55
74
59
43
78
107
40
54
93
94
51
87
83
46
106
112
75
55
57
54
45
65
185
81
14053
66
57
42
53
89
78
63
88
85
52
43
83
52
69
78
77
69
39
58
41
50
44
73
113
38
71
44
66
78
89
72
113
45
73
74
20667
45
92
62
102
84
88
80
49
62
105
67
106
77
78
66
67
63
74
103
51
90
68
78
73
75
60
69
158
42
45
42
96
46
39
105
72
80
144
70
76
61
96
67
48
59
59
86
71
64
85
64
87
61
139
41
68
71
71
56
81
50
41
45
54
46
50
95
79
45
42
59
72
73
70
58
64
57
41
66
88
95
67
65
63
56
68
70
81
86
66
83
42
81
75
47
92
71
61
70
96
53
82
77
81
114
136
67
99
45
103
60
61
82
60
84
83
80
47
64
75
43
43
69
68
40
65
90
40
60
43
54
55
83
60
71
39
38
82
90
62
76
71
66
83
86
77
54
106
82
64
94
77
68
71
41
61
44
49
69
42
60
74
51
54
69
52
95
102
68
106
231
41
62
99
52
102
54
55
116
52
45
44
66
78
44
49
75
52
65
48
76
64
64
108
43
69
87
35
81
81
61
66
43
51
73
46
58
44
69
106
43
51
97
69
49
98
65
54
91
102
72
40
41
98
45
39
47
43
62
55
80
63
108
99
43
62
84
125
55
93
71
92
51
63
150
40
104
72
82
57
113
39
81
161
40
63
88
58
40
39
35
40
46
9
104
72
85
42
75
118
50
91
69
93
75
68
85
56
89
70
97
77
66
83
54
36
48
89
64
59
47
48
43
102
69
46
59
38
92
93
107
70
44
45
63
40
71
66
98
41
95
52
89
104
42
46
69
69
56
60
73
71
62
90
60
96
66
53
36
100
43
67
122
74
77
105
55
65
51
49
65
63
74
53
74
35
42
54
64
74
85
69
61
77
51
57
52
51
70
72
40
83
99
39
55
95
78
93
77
61
49
55
38
60
43
41
57
53
51
73
178
40
52
81
67
43
93
51
42
65
57
39
102
133
71
61
54
53
67
51
69
42
37
90
38
105
36
62
61
69
79
44
61
66
60
1300
43
68
55
63
62
70
75
61
61
41
68
52
48
51
42
83
55
61
45
66
40
64
68
63
92
85
57
59
95
75
45
78
71
60
41
51
64
44
61
43
98
53
47
64
62
69
127
69
80
47
62
54
66
58
74
43
82
103
58
92
133
43
84
95
42
64
39
54
75
42
97
41
63
49
78
106
62
83
79
72
42
73
44
64
63
58
36
72
71
74
34
81
126
74
42
40
42
69
63
51
77
110
130
66
86
68
83
81
81
50
40
39
76
45
47
42
100
54
63
53
55
83
67
79
84
99
65
79
39
42
40
66
42
63
82
152
50
42
44
74
48
50
63
45
71
59
56
3
58
63
49
56
54
41
124
67
38
118
42
37
69
71
81
59
38
65
110
45
46
74
38
71
113
81
56
64
40
40
53
69
79
58
72
57
104
60
71
43
55
60
13059
45
71
39
43
45
43
53
45
77
44
34
45
69
43
83
44
42
35
71
74
50
55
52
129
67
72
41
50
32
84
41
55
44
51
78
44
47
39
41
59
56
43
74
85
58
64
53
40
35
52
61
56
44
57
100
38
71
42
87
92
53
64
84
1227
60
41
47
71
85
80
43
70
52
62
53
71
57
49
72
60
65
72
70
58
45
66
97
120
40
60
31
91
111
5
82
59
37
71
89
89
87
123
84
71
42
70
69
54
60
42
44
41
90
62
56
42
64
41
76
40
40
58
35
33
68
61
58
57
67
97
70
46
77
86
33
67
66
40
81
42
84
39
61
52
40
77
50
59
92
44
51
40
42
45
48
60
56
39
70
59
61
60
49
48
60
57
46
40
62
69
84
87
48
90
43
49
91
39
42
78
42
42
43
47
97
43
64
36
39
42
68
47
110
61
54
59
56
50
73
36
42
45
129
54
51
35
68
58
86
62
37
46
43
69
82
68
69
64
80
55
57
43
69
44
54
42
71
52
43
40
46
45
36
55
60
52
68
94
63
60
46
73
44
85
40
68
88
50
63
60
66
37
76
64
76
41
38
39
60
103
45
35
201
35
55
74
56
62
42
38
58
54
46
38
43
49
51
53
57
40
39
45
38
63
75
51
43
50
65
66
63
41
52
114
83
72
56
38
45
62
41
34
49
37
61
84
37
95
39
36
44
64
71
39
123
66
61
152
38
73
60
85
41
59
35
41
53
49
37
127
39
39
71
35
39
34
41
61
36
41
39
40
79
48
37
40
40
39
60
86
34
65
40
45
60
88
44
52
45
70
75
60
28
38
4738
40
55
63
78
39
48
38
36
35
52
39
40
45
55
36
37
43
42
43
35
48
52
39
35
32
43
33
41
57
60
71
43
36
22
42
35
40
64
43
43
36
34
42
40
38
70
49
38
50
64
34
104
41
55
37
69
67
55
55
39
52
53
41
31
36
57
37
65
85
40
33
40
96
62
36
41
25
45
51
48
26
29
37
42
66
55
36
37
93
48
59
32
33
56
35
41
54
62
77
46
39
38
72
41
59
45
35
90
41
35
35
58
43
53
36
63
38
45
65
40
73
37
45
37
34
41
31
38
35
68
56
39
52
34
73
40
39
37
49
65
46
35
44
42
40
37
42
44
38
38
35
35
37
38
42
19
80
36
31
46
40
55
51
39
40
138
60
47
34
35
65
35
64
63
33
51
37
45
26
41
30
37
34
58
31
54
37
33
97
34
40
43
37
61
8
58
56
31
35
62
30
43
44
76
61
54
37
38
33
30
41
57
61
83
51
37
39
64
68
36
33
34
34
72
65
39
45
39
46
30
39
58
32
27
39
30
37
40
42
40
36
33
37
34
35
47
36
28
42
62
90
32
40
38
62
28
65
34
42
55
38
65
36
37
32
48
39
31
36
52
47
39
35
38
38
39
45
32
31
39
30
42
36
35
38
74
51
34
33
38
33
33
43
38
40
58
33
51
44
41
39
34
35
2
37
33
36
51
39
45
44
33
34
33
32
39
81
40
51
34
37
42
64
35
36
38
42
28
34
54
43
34
50
36
37
36
38
46
22
48
31
24
27
32
39
30
34
166
27
34
40
90
41
50
33
32
40
41
39
42
31
73
40
36
33
35
36
40
38
39
34
39
35
35
31
39
34
55
79
46
38
198
22
31
37
50
26
43
67
38
32
30
40
41
52
61
30
35
29
32
38
36
35
35
46
30
37
33
38
27
55
44
39
57
38
28
78
34
28
28
44
40
47
56
39
41
38
33
33
33
34
28
32
40
40
34
38
30
30
35
34
50
57
37
47
33
33
35
39
34
46
39
35
41
36
39
23
179
36
35
39
31
30
33
34
54
33
35
68
36
32
55
38
29
32
27
29
31
38
30
35
30
38
75
39
27
27
27
36
32
33
30
31
34
14
34
34
48
37
60
52
35
39
25
30
36
32
34
17
31
31
30
40
32
35
34
45
29
38
34
32
23
33
23
36
37
38
28
29
38
10
32
28
39
31
53
35
36
32
25
36
30
38
33
32
27
37
34
41
35
51
35
67
37
35
37
31
29
35
41
59
38
31
31
33
23
33
40
31
65
30
30
25
27
36
40
38
24
43
32
40
34
32
37
29
29
53
34
32
31
38
33
23
34
29
31
37
34
32
62
34
35
40
33
31
50
35
33
31
28
38
25
44
35
24
63
27
43
29
33
73
29
30
26
33
28
31
43
36
36
39
13
26
32
65
28
34
29
21
33
21
23
37
40
32
29
36
40
35
26
43
31
33
75
34
30
51
35
54
34
70
34
31
34
30
34
29
36
33
37
27
32
21
37
33
40
34
38
44
27
3
74
43
34
28
53
26
25
28
33
35
33
36
31
25
36
34
28
53
76
34
23
39
31
62
38
30
31
33
48
31
24
39
31
46
31
26
19
34
32
31
34
40
27
31
37
33
35
27
38
24
27
35
49
78
38
37
27
37
34
34
44
34
31
33
63
23
33
20
28
34
4271
27
37
27
21
33
42
45
32
41
21
49
28
33
38
41
37
33
33
37
35
27
34
35
34
28
27
27
33
59
19
51
30
36
24
34
29
45
22
62
30
37
35
31
28
40
27
27
27
38
29
49
32
28
24
36
52
51
34
34
36
32
27
30
29
36
31
37
31
30
15
32
30
36
34
26
39
35
43
31
31
32
52
34
33
33
27
37
7
22
40
33
39
25
26
38
32
12
48
34
33
31
29
30
33
28
35
31
28
35
28
27
31
31
37
37
33
35
32
42
35
29
31
23
33
28
47
36
28
36
32
27
41
30
68
33
19
39
35
33
27
25
5
23
28
31
22
34
33
35
32
36
42
33
32
31
31
31
25
47
31
66
29
27
36
35
29
29
28
35
29
22
35
35
34
19
29
25
25
31
30
30
35
34
31
44
25
32
31
30
34
35
33
29
38
32
34
22
25
31
29
25
48
23
33
31
64
33
34
28
35
29
33
28
31
33
29
34
50
36
34
35
38
34
35
36
34
27
30
38
38
28
27
25
33
26
36
28
31
32
23
33
33
33
59
27
61
34
24
23
35
43
19
32
29
22
24
40
23
36
39
34
42
31
19
29
38
1038
33
29
33
34
32
29
29
35
36
24
32
27
27
68
30
35
28
33
25
30
38
37
32
22
42
33
39
28
26
17
32
33
35
38
38
2
27
35
36
25
35
35
26
33
28
28
242
41
29
33
38
29
25
31
27
36
29
30
28
23
30
34
28
25
29
34
32
31
38
24
31
37
27
30
25
41
31
39
38
34
33
29
32
31
33
27
30
28
2
28
96
30
28
31
33
36
30
31
28
34
81
30
22
35
28
36
32
32
26
31
32
29
34
37
92
31
33
31
27
31
37
22
16
31
27
27
13
25
24
15
12
35
35
184
31
75
37
61
31
26
25
34
38
29
23
17
31
31
31
40
32
33
19
33
24
31
38
44
27
31
32
23
29
24
25
32
37
31
30
25
32
31
31
21
29
34
33
31
39
30
27
31
35
35
30
26
28
35
31
21
30
33
24
26
35
51
33
25
26
24
32
34
33
34
23
29
28
23
29
28
34
23
52
32
40
41
35
3
30
27
105
22
32
32
30
27
31
42
28
31
16
30
33
8
34
31
31
20
31
39
31
33
19
29
30
31
23
26
28
29
29
31
15
24
32
36
26
31
35
28
25
31
14
28
35
31
27
19
31
14
15
32
33
28
29
29
20
31
28
46
25
31
17
16
31
41
28
34
27
27
32
24
24
23
23
37
35
31
23
31
26
34
33
31
30
32
23
31
31
34
22
28
30
14
31
31
30
25
24
28
29
29
27
17
18
25
32
29
60
10
21
42
32
27
32
28
24
19
31
29
31
23
29
24
20
23
24
36
28
37
34
30
25
29
47
22
35
26
31
16
25
32
29
17
24
27
30
24
31
130
30
29
22
227
33
23
25
25
22
47
25
27
27
36
27
27
24
24
21
26
29
28
22
24
36
26
32
18
30
17
24
30
36
19
31
24
32
18
34
27
22
33
10
19
32
10
26
28
20
9
63
29
29
30
29
30
30
5
31
36
28
23
28
23
7
33
23
30
25
31
30
20
28
21
38
31
28
24
35
19
30
22
29
36
9
29
27
30
27
13
19
5
32
58
26
18
33
7
27
17
27
23
26
26
32
26
27
56
33
28
30
15
25
21
23
23
14
14
15
19
27
33
60
18
29
31
30
27
17
29
31
23
12
23
27
22
33
35
206
4
22
19
15
18
32
7
36
31
7
28
8
24
28
23
20
27
17
16
21
21
25
14
10
11
28
12
24
16
24
3
13
27
24
25
23
20
14
26
22
22
25
31
18
7
21
30
31
16
28
13
21
29
30
14
23
2
23
32
19
24
5
28
7
26
21
24
9
29
9
198
22
29
14
17
4
5
24
17
15
21
29
27
24
27
18
28
29
26
3
15
22
28
28
19
28
30
21
19
20
17
21
6
20
28
24
20
27
28
20
16
9
25
17
7
4540
12
3
22
20
2
14
18
23
28
27
23
16
23
21
43
28
19
4
12
118
21
18
7
20
30
10
25
32
31
20
12
21
7
22
16
27
24
11
20
15
10
29
24
7
26
17
249
23
3
28
26
31
27
15
26
24
9
33
7
21
22
34
23
19
29
26
20
32
14
26
7
24
24
27
16
22
20
18
14
28
21
16
17
17
24
24
2
17
18
21
20
28
17
13
23
18
23
16
26
53
16
13
20
18
26
19
5
14
29
22
28
17
36
19
30
26
16
27
11
2
5
21
21
23
18
26
28
11
26
34
22
27
25
22
21
27
23
11
22
30
30
19
25
115
10
6
20
32
27
19
23
23
21
30
31
22
21
45
15
6
20
24
21
22
18
23
12
24
17
19
6
24
18
20
16
8
18
26
5
22
15
17
18
11
22
16
23
27
15
16
12
24
11
18
15
13
24
24
8
9
24
5
27
10
20
23
19
19
21
15
24
23
3
12
17
10
4
17
22
17
24
6
19
28
25
4
29
24
5
30
27
26
13
25
26
19
23
12
3
24
17
23
12
19
24
25
16
12
8
14
24
29
16
14
8
57
30
14
5
29
15
18
25
25
23
4
24
23
24
19
17
13
20
22
15
26
27
18
20
16
24
13
7
5
21
15
30
13
29
11
28
23
26
5
20
16
24
6
23
15
11
24
19
13
14
15
12
14
10
28
9
9
7
25
8
4
18
17
11
14
28
27
11
27
21
18
24
27
25
17
23
18
23
5
23
15
23
15
19
20
17
18
17
8
17
26
2
21
28
29
12
9
13
12
5
27
32
25
11
22
25
8
20
22
28
9
25
14
21
31
16
15
8
16
25
19
24
12
2
17
14
2
25
29
30
25
24
20
27
15
12
27
25
24
18
27
18
15
5
35
22
18
10
10
20
18
28
36
21
11
28
27
20
2
14
19
19
12
17
8
18
24
16
17
14
2
23
19
4
12
17
12
55
30
12
24
11
4
11
26
29
2
13
11
21
27
13
10
22
21
18
93
17
25
24
11
9
45
18
34
13
17
15
17
32
30
10
24
4
7
13
4
18
17
24
4
9
21
19
17
9
13
21
19
20
34
14
8
19
7
17
32
15
9
50
27
23
15
15
4
23
16
28
19
16
24
10
26
29
16
13
23
11
12
5
16
5
20
12
13
2
32
11
21
23
26
20
30
25
15
22
20
24
27
6
11
25
25
24
23
7
29
13
16
15
18
2
27
23
26
29
2
11
20
5
3
23
15
3
2
7
16
28
17
7
25
4
28
32
15
20
29
12
20
25
9
12
22
22
22
7
20
7
19
20
10
25
16
13
14
2
8
27
17
28
20
23
25
20
2
30
19
21
17
13
19
28
24
5
12
18
15
3
28
19
14
11
30
26
26
2
15
8
13
16
16
7
23
26
20
25
13
22
19
29
12
14
24
23
12
29
5
14
16
12
21
19
11
32
12
21
27
13
16
25
21
24
22
34
6
25
24
35
18
25
26
16
11
7
16
9
16
47
16
12
30
26
28
9
13
23
23
19
33
18
15
32
7
20
25
22
8
27
28
13
12
13
23
32
41
27
26
7
10
14
16
26
19
21
13
26
18
20
19
14
5
26
26
27
8
24
24
28
18
5
17
7
11
23
22
10
21
29
21
2
27
14
22
20
14
14
30
20
20
21
8
23
7
26
15
24
25
25
21
32
13
20
20
4
5
20
29
2
10
3
13
16
28
14
18
9
21
18
4
22
22
22
24
8
25
18
16
11
21
17
16
18
26
8
21
20
31
13
19
20
33
28
16
24
24
5
13
14
18
26
25
30
19
19
23
22
19
21
20
16
10
23
24
30
18
17
25
32
11
24
28
10
18
18
4
13
16
21
18
7
9
24
20
27
19
28
20
23
23
25
20
11
26
13
17
6
17
24
16
17
15
12
11
16
21
11
28
22
18
27
17
15
32
18
15
26
25
22
20
19
26
9
20
26
21
24
26
30
24
27
20
19
22
21
22
14
23
16
34
16
5
28
27
23
33
26
14
18
29
13
29
20
8
19
28
24
23
22
21
24
12
20
5
92
7
2
32
28
29
23
14
15
28
3
16
18
22
16
19
20
5
18
23
8
24
11
11
20
16
24
16
4
17
18
12
18
8
16
31
10
23
21
16
7
53
11
22
21
2
24
22
25
25
20
5
25
31
4
37
31
12
14
9
14
14
5
19
2
20
14
21
15
17
22
17
26
18
27
16
11
25
12
19
4
17
12
13
18
2
28
12
7
23
20
28
6
23
25
19
19
27
21
22
20
16
11
9
26
23
25
6
26
5
28
14
12
17
11
16
22
28
26
2
20
7
28
30
17
27
11
11
6
27
13
20
9
28
22
30
22
23
21
19
20
10
8
3
27
21
13
27
10
10
15
23
15
19
13
8
21
21
23
27
24
8
13
3
26
26
21
23
16
7
14
2
11
3
4
24
3
22
29
14
24
4
9
3
32
33
23
18
10
24
25
20
18
21
20
16
10
25
13
12
8
14
23
11
17
18
25
19
24
17
80
31
25
24
27
9
24
6
12
13
20
11
23
5
20
2
23
20
15
6
20
23
16
12
8
18
6
2
18
18
26
12
22
24
17
10
16
16
13
15
8
26
5
17
20
15
16
5
10
19
33
27
13
22
13
3
14
32
22
4
10
20
3
7
23
9
21
16
16
22
10
19
30
19
17
14
13
26
9
23
5
22
11
19
18
21
24
12
36
25
12
37
11
7
21
23
28
20
13
23
20
22
6
20
28
16
23
24
11
8
24
27
20
19
5
29
23
14
21
14
8
10
28
6
7
14
18
24
15
19
20
3
24
13
24
19
26
7
8
21
15
22
17
10
21
14
27
19
22
2
8
7
19
29
24
9
21
30
12
7
6
20
28
20
22
30
18
23
19
5
27
14
13
25
26
23
13
21
6
5
18
25
21
7
14
9
25
15
28
18
29
16
8
11
32
18
31
20
25
19
29
19
2
16
22
52
21
21
2
22
14
26
29
13
20
26
6
4
23
3
16
6
15
2
23
17
3
31
25
27
3
25
10
23
9
8
17
28
14
3
26
27
12
22
16
16
11
11
3
14
15
14
23
21
19
23
32
25
7
12
3
19
22
8
15
20
13
24
6
13
21
23
8
18
24
24
10
9
8
3
9
8
18
2
25
31
30
8
13
16
21
12
16
14
5
25
27
20
29
26
2
22
17
15
21
17
7
21
3
24
21
27
24
17
8
20
14
5
22
17
10
22
25
22
19
22
18
19
27
3
2
15
24
14
12
21
3
10
11
31
32
11
14
26
39
25
17
2
13
3
13
18
15
18
17
18
12
23
23
13
27
27
33
18
14
22
24
13
24
21
22
15
12
10
14
20
12
7
5
18
28
27
18
5
12
18
23
19
25
16
22
6
18
14
5
14
17
23
14
18
12
24
14
16
19
11
27
16
8
10
18
10
13
19
13
44
4
11
10
24
16
19
20
12
23
17
11
3
25
26
4
12
40
14
16
12
19
28
18
26
7
11
20
11
14
7
8
11
128
30
2
27
22
12
16
6
7
23
16
20
9
29
18
9
18
2
6
25
5
30
8
124
13
18
18
13
24
2
19
28
6
17
15
26
25
11
31
25
12
7
19
15
9
21
18
23
2
12
18
11
13
12
19
13
17
10
9
18
16
15
20
23
21
21
16
16
11
11
19
28
14
28
24
3894
22
6
22
20
15
2
9
19
17
22
13
30
25
5
21
18
14
14
21
20
24
6
13
16
1119
26
25
30
7
18
15
24
18
19
22
25
10
20
16
6
24
13
7
18
11
23
18
13
12
22
21
2
10
21
6
18
18
7
25
18
10
20
37
15
23
17
22
23
14
10
8
15
4
14
23
19
25
11
11
28
11
17
5
15
14
10
11
18
17
21
21
24
19
9
7
29
26
21
15
20
8
5
18
17
28
13
2
19
12
13
24
22
24
14
32
11
15
9
29
22
8
9
14
18
14
10
29
10
5
5
15
18
13
23
3
25
25
5
19
22
13
17
14
16
17
18
10
23
24
15
24
15
2
4
14
6
4
18
14
7
4
15
29
27
8
24
19
19
15
23
16
11
25
13
7
19
19
26
8
25
18
25
18
24
21
18
19
15
24
17
19
16
21
20
17
5
11
14
17
14
2
18
20
15
18
15
26
19
7
11
20
26
19
3
12
8
11
10
19
4
8
21
26
24
14
13
10
6
22
20
15
6
15
5
15
24
9
28
18
14
23
15
28
22
15
8
53
3
19
22
15
12
19
11
14
27
32
17
16
13
5
29
4
8
18
16
7
18
3
8
13
11
25
19
7
16
3
2
25
15
2
4
2
26
21
6
19
10
18
15
10
9
3
22
15
9
15
2
17
23
22
9
20
22
31
14
19
14
25
20
28
26
13
14
11
22
2
20
16
16
11
18
14
2
21
9
8
19
25
8
16
16
13
6
15
26
2
12
23
25
18
25
21
26
6
18
19
21
6
4
20
6
16
27
8
5
20
24
24
16
4
28
11
16
6
26
28
26
24
23
14
12
14
12
4
11
8
13
22
4
11
23
6
26
12
21
27
22
7
12
16
13
21
17
9
2
21
13
19
8
11
13
27
6
3
5
29
12
12
24
21
19
21
17
23
12
12
11
17
21
18
10
28
34
26
21
19
10
6
11
4
27
21
15
20
26
12
21
25
20
5
13
12
25
12
12
23
28
7
13
27
27
12
11
13
4
13
18
4
13
20
11
16
23
11
20
3
10
22
31
15
13
20
2
27
3
24
26
5
6
8
18
4
13
20
18
6
11
19
9
18
17
17
17
12
6
21
13
17
19
5
12
16
17
12
29
5
21
21
16
13
24
30
21
113
23
24
21
16
31
25
10
18
14
21
12
12
8
21
4
4
13
14
7
21
5
30
20
5
7
117
11
15
28
16
21
12
9
3
12
4
23
8
7
5
10
5
17
3
16
16
6
9
20
12
24
14
4
5
2
13
13
16
19
18
12
8
9
5
11
3
23
25
25
22
20
17
18
13
19
19
24
2
12
5
27
3
18
8
32
11
3
25
22
10
21
6
7
22
25
19
8
7
9
9
21
2
32
5
14
27
13
23
10
8
21
28
17
26
9
10
14
9
21
26
19
23
5
21
15
11
16
13
22
19
14
14
20
19
11
15
19
17
9
30
11
13
11
17
18
7
18
10
18
2
2
15
21
3
13
7
25
11
3
9
23
26
10
19
2
12
16
28
6
20
11
15
9
12
21
9
20
21
20
31
19
19
8
30
10
15
24
18
2
19
12
16
19
18
9
13
20
24
4
20
15
2
17
6
20
20
7
9
13
7
17
14
3
3
14
22
23
4
9
25
15
16
11
14
14
24
12
8
3
18
9
3
10
7
15
16
18
15
8
21
28
18
11
15
21
26
9
17
13
13
14
20
7
21
8
11
6
10
16
11
24
20
17
12
9
18
23
11
14
14
19
20
23
26
19
16
13
28
11
8
24
16
12
4
7
5
21
18
17
19
14
15
9
32
21
48
20
13
22
2
16
5
20
13
17
23
19
4
31
20
27
20
18
16
16
11
17
6
5
2
10
16
19
26
4
7
11
22
8
20
10
11
6
6
14
24
17
13
11
10
13
17
13
15
26
15
11
28
11
2
4
13
20
13
15
22
19
24
5
6
14
6
20
15
19
15
19
14
22
15
13
18
33
16
25
24
8
20
24
23
6
30
24
13
26
15
18
20
19
17
22
16
19
8
13
22
20
15
18
15
7
25
13
16
23
26
26
26
82
10
17
50
6
12
6
21
18
153
6
15
3
23
5
16
16
5
18
3
20
12
21
24
14
23
18
17
19
21
22
15
3
2
3
7
26
10
16
17
19
16
15
16
14
9
24
12
23
7
9
21
13
19
19
16
3
20
25
20
7
28
17
12
19
19
5
22
22
20
20
18
6
19
6
12
2
8
24
22
13
15
11
21
13
16
16
20
15
9
7
14
18
11
18
9
11
20
7
11
21
22
24
14
8
2
24
5
7
9
22
9
2
11
20
25
17
28
27
29
13
27
21
2316
12
8
14
21
6
5
8
9
16
13
24
9
5
15
13
21
25
2
23
16
17
17
7
17
22
8
22
22
15
19
4
12
30
22
11
21
16
20
15
19
8
26
28
22
16
17
6
24
29
14
5
16
5
4
8
15
15
9
29
19
17
7
18
21
16
23
3
16
4
22
15
14
6
11
16
17
8
20
12
17
9
14
24
19
2
10
7
16
16
23
17
27
15
4
14
2
5
8
22
2
13
16
21
30
5
16
8
4
29
14
3
9
11
7
28
19
4
22
28
15
6
23
17
14
20
15
22
17
3
31
22
14
9
9
19
9
25
17
12
12
7
9
21
17
20
7
21
17
22
3
24
15
26
19
13
12
30
6
9
14
18
11
25
36
25
10
21
11
14
8
11
19
22
26
29
20
7
8
8
9
25
20
11
21
26
20
3
5
7
8
9
23
15
23
18
4
26
3
15
6
17
12
8
17
20
7
20
11
10
19
13
15
5
8
5
22
22
9
23
9
9
23
19
30
10
10
17
8
17
16
10
15
18
33
17
31
6
12
23
24
4
27
22
4
19
9
9
10
16
25
25
13
2
22
14
11
18
9
10
10
10
24
12
5
16
18
2
8
15
3
18
13
20
7
16
14
16
14
11
24
26
22
22
12
16
11
28
10
10
5
9
32
10
24
17
9
9
20
4
14
11
18
9
23
10
18
16
16
25
19
6
2
7
10
5
22
19
22
14
8
21
8
7
22
22
2
24
15
4
23
28
25
9
27
5
13
9
164
20
18
17
10
12
14
22
18
21
12
11
25
8
6
28
13
17
10
5
18
12
13
20
17
25
8
8
15
16
4
22
24
10
20
7
3
13
7
16
3
3
7
13
15
12
12
3
18
25
11
11
27
23
6
8
13
11
3
11
14
9
5
11
14
21
18
10
10
22
10
11
7
23
15
12
27
22
7
24
58
12
16
25
13
17
12
21
4
20
9
17
17
11
29
18
8
21
9
17
4
28
3
30
22
9
13
13
14
13
21
6
16
15
12
15
17
21
20
8
19
8
21
8
29
4
10
4
8
19
5
7
10
20
4
20
16
11
17
19
24
9
22
4
3
20
6
10
7
14
10
23
7
21
2
23
4
26
19
2
8
4
5
13
19
7
22
14
18
14
7
5
7
15
23
5
7
17
2
39
9
13
24
5
13
18
15
8
21
22
15
8
26
15
8
4
11
21
22
14
23
22
13
3
12
26
5
10
11
2
28
13
21
28
14
4
22
9
21
2
10
13
15
24
9
12
24
7
13
8
15
15
3
5
19
15
8
11
24
10
18
4
11
16
21
16
28
18
11
24
15
13
4
10
12
13
11
13
3
9
5
27
21
25
8
14
17
9
17
24
12
10
9
14
17
15
12
9
19
3
19
4
3
20
23
22
10
13
6
19
19
9
11
9
9
28
25
17
16
18
13
14
11
13
14
8
21
10
10
20
18
4
18
14
13
13
10
26
17
25
12
11
16
19
8
19
2
7
16
7
5
15
23
16
18
21
10
16
20
8
7
14
9
16
23
18
3
12
16
22
3
21
20
10
14
8
2
25
19
15
13
18
17
14
15
14
6
29
19
2
10
18
8
10
25
3
27
8
13
12
3
12
12
14
24
7
16
7
21
7
14
22
22
2
16
17
23
10
6
26
11
8
25
26
13
23
7
3
15
15
22
13
4
19
14
20
27
19
17
25
9
18
16
2
6
14
22
22
19
17
6
8
12
11
7
4
3
5
14
5
7
10
13
15
15
27
12
4
21
2
7
11
18
17
20
2
19
14
9
16
2
2
20
20
18
11
7
29
6
22
12
2
7
21
11
13
17
10
11
18
8
15
13
28
28
14
5
18
23
21
4
23
7
17
20
25
12
12
19
16
11
21
8
2
11
11
3
26
3
16
8
17
6
23
10
15
9
19
8
24
7
14
11
14
19
22
10
3
10
19
20
5
24
24
3
3
10
15
11
9
17
6
6
24
8
6
9
12
17
11
22
13
21
10
20
18
13
17
16
4
13
17
7
15
25
3
18
24
11
14
3
10
2
11
3
13
14
12
5
2
2
14
11
21
12
2
17
17
12
8
16
18
19
14
16
21
24
15
9
12
19
24
8
21
14
19
10
22
13
5
3
3
23
14
14
14
9
9
21
16
6
11
9
5
11
5
16
11
18
12
22
7
6
14
3
12
11
7
8
9
68
20
16
23
11
14
21
25
5
10
9
11
7
8
3
6
14
17
18
14
21
13
25
24
3
5
23
12
28
9
17
24
21
20
20
4
5
25
5
7
10
5
5
24
15
16
13
11
29
20
20
2
10
17
16
15
21
19
5
18
20
4
3
24
24
7
23
17
6
17
16
21
9
21
14
19
3
20
13
13
23
10
16
14
14
9
12
23
24
10
12
15
9
8
2
3
5
20
12
24
15
11
20
9
12
23
22
12
17
16
11
2
4
3
12
11
17
7
16
22
11
24
16
16
12
12
20
16
17
12
9
12
20
13
17
4
22
8
18
10
13
14
10
20
13
14
3
19
24
6
8
14
23
12
12
5
33
9
19
19
5
2
18
23
18
8
16
8
13
18
20
13
74
10
10
8
17
6
25
19
20
20
7
12
2
10
2
18
14
20
8
12
3
18
32
7
12
10
15
3
8
16
19
15
18
22
22
15
10
16
9
10
15
27
21
10
18
20
6
6
6
5
2
19
20
11
17
19
17
20
9
23
17
18
10
13
11
4
17
17
3
7
11
5
5
3
27
18
10
15
2
20
3
8
5
12
8
15
25
10
14
12
17
21
14
6
21
16
16
8
8
13
9
5
25
13
3
6
12
19
16
20
3
5
11
7
8
4
18
2
12
5
12
23
13
4
25
12
6
25
6
8
13
2
3
17
10
12
3
7
7
20
10
10
9
4
17
8
13
14
3
2
12
7
14
9
26
10
4
15
12
5
18
24
5
3
7
8
7
6
7
8
8
16
20
6
18
21
8
12
12
4
3
8
18
3
5
10
14
45
2
8
14
14
13
11
17
14
22
3
12
9
25
11
9
5
11
5
12
11
9
11
10
5
16
11
2
10
3
12
14
26
25
14
2
12
13
22
12
8
6
23
14
2
17
8
18
27
23
23
5
9
3
25
25
20
12
23
13
11
25
7
5
22
22
14
7
18
13
12
21
13
12
14
16
6
8
11
24
4
10
8
23
6
6
16
10
3
17
11
5
3
12
21
3
5
7
13
8
10
11
8
10
13
4
15
11
4
21
5
23
2
7
12
3
14
6
16
5
6
8
8
18
14
4
9
11
25
10
2
11
12
5
22
10
2
26
9
9
8
7
12
3
11
13
17
17
23
12
17
13
11
17
2
14
6
9
4
15
7
8
9
16
8
12
13
22
16
2
6
24
8
16
9
6
19
5
15
19
15
12
8
11
13
10
7
11
22
27
7
14
6
19
9
3
29
10
7
14
4
6
25
14
20
16
13
2
26
27
8
17
27
8
16
6
8
13
17
16
21
18
20
4
11
2
19
20
5
4
17
2
17
15
19
9
2
16
17
15
18
21
17
15
23
6
8
22
8
22
8
15
17
3
4
17
2
10
9
7
25
19
15
15
15
12
14
6
8
11
11
9
26
16
13
10
21
11
4
15
19
15
2
6
9
14
9
13
2
7
11
7
7
13
6
5
9
9
3
10
6
7
10
10
3
13
16
10
9
18
6
3
17
3
16
22
8
12
22
17
2
18
15
24
22
17
6
13
16
9
14
22
22
17
16
22
15
5
7
11
22
19
3
8
3
2
23
12
16
4
202
13
14
3
21
10
2
16
17
13
10
13
16
6
2
24
13
11
4
7
12
4
4
8
14
18
13
12
10
5
16
10
21
5
5
17
11
15
3
2
2
19
15
13
27
11
23
5
3
4
19
21
10
21
2
19
17
2
14
25
17
12
17
6
18
13
2
12
8
17
2
11
28
2
148
15
16
7
9
6
10
12
9
22
9
16
16
8
17
17
14
4
7
15
8
5
6
20
17
19
10
4
13
11
6
3
9
8
17
22
8
11
19
4
2
9
13
10
12
8
3
9
15
4
4
2
15
25
7
16
9
10
13
21
11
14
10
21
17
15
12
26
11
5
6
7
7
19
8
18
11
9
14
13
14
4
11
6
7
7
20
13
2
10
12
13
19
14
10
19
20
22
4
9
6
16
20
18
11
4
5
6
9
19
2
58
4
4
2
13
8
6
14
16
16
14
17
13
21
14
9
2
8
10
4
14
19
12
8
13
13
11
12
4
8
9
9
2
15
4
19
6
23
9
4
27
8
9
12
23
20
13
7
19
16
10
14
24
10
3
14
21
17
9
18
5
11
12
14
11
19
15
20
8
13
6
6
18
8
2
6
13
26
7
15
16
17
17
6
2
15
18
13
9
12
13
22
21
3
15
5
15
6
12
2
13
5
22
15
3
15
12
4
15
11
22
8
5
8
16
12
9
13
8
5
8
6
4
11
6
6
13
10
22
10
13
8
3
13
3
3
5
2
31
2
6
13
3
9
15
22
13
15
8
9
19
10
9
7
22
6
8
24
12
13
6
5
16
13
26
21
4
7
11
10
20
20
18
8
18
6
2
2
4
2
13
11
8
11
15
17
16
11
2
9
7
10
3
8
15
4
9
6
8
21
20
17
8
8
15
8
23
29
5
4
3
7
2
8
7
17
7
18
4
23
4
17
4
25
7
25
9
2
22
17
31
14
7
9
14
15
19
10
4
3
7
13
20
3
6
3
21
15
17
19
2
11
16
13
3
12
17
17
7
26
16
8
4
10
15
12
15
5
18
4
18
7
11
8
24
14
21
26
17
9
11
18
10
5
8
3
16
20
6
9
7
5
16
19
19
2
4
10
14
13
16
14
20
2
25
10
12
4
13
4
24
12
9
3
9
25
6
8
5
19
13
6
6
11
10
14
17
19
4
4
20
21
18
9
18
13
14
11
5
4
18
11
4
7
12
17
13
18
23
13
3
13
11
4
9
5
11
12
16
6
6
9
12
4
4
10
13
8
11
11
9
6
8
17
4
19
9
2
3
18
27
11
17
24
4
8
9
10
4
13
19
18
16
5
8
14
13
22
10
6
9
11
12
2
14
13
17
2
12
4
21
7
19
18
13
4
6
18
14
22
7
24
4
6
11
4
9
8
4
3
3
2
6
7
17
20
2
5
4
8
12
12
6
7
6
13
20
12
6
22
21
23
18
3
4
14
2
17
20
19
4
11
2
10
10
2
25
12
11
13
25
14
12
18
12
5
16
12
4
10
20
4
14
21
25
16
5
3
16
14
6
23
13
2
11
11
13
19
16
7
9
15
10
10
20
16
11
11
5
3
12
15
7
11
14
7
6
5
18
2
10
2
4
19
4
5
11
14
9
7
22
20
19
8
12
11
6
8
15
21
10
20
26
21
12
24
10
15
11
14
3
35
12
10
11
18
15
3
9
10
19
6
2
10
7
24
2
8
7
16
7
5
10
2
11
19
17
22
4
7
8
12
12
9
16
8
2
21
6
20
11
16
8
3
14
16
11
2
22
4
11
26
11
3
16
13
16
6
13
3
6
5
12
20
11
4
14
8
7
28
22
9
5
19
7
14
22
17
17
23
8
6
11
4
15
20
14
3
14
2
7
24
27
18
6
9
4
7
25
5
20
10
8
12
2
13
2
3
21
7
4
4
3
11
3
21
3
17
3
18
13
8
3
4
16
12
3
9
17
7
24
6
12
3
3
20
13
21
3
9
2
25
20
10
8
13
6
12
16
3
4
19
11
5
9
5
10
11
23
11
10
9
13
6
4
5
17
26
2
7
12
17
5
11
9
11
5
7
2
17
16
10
5
6
8
8
12
12
14
7
23
11
3
23
5
2
15
15
6
10
22
15
21
8
6
6
3
14
6
5
10
15
9
2
14
4
8
6
11
3
25
10
18
26
12
9
7
5
8
9
8
6
19
5
11
3
13
2
3
20
8
6
8
11
15
4
3
10
5
17
17
2
10
8
10
21
11
8
5
6
11
16
4
15
15
7
13
7
12
6
13
13
20
17
8
13
17
8
4
3
10
21
4
14
19
6
16
18
17
5
8
8
10
10
2
10
20
19
5
20
6
4
9
11
8
23
5
3
9
9
11
10
18
8
22
2
7
11
12
10
2
6
17
18
8
26
5
7
9
11
4
7
8
8
8
11
15
4
6
2
7
7
18
13
8
2
12
13
4
23
8
13
3
15
5
5
2
4
13
24
12
5
8
9
19
4
2
12
9
11
11
4
3
11
2
5
17
12
6
18
7
11
4
10
3
18
6
8
8
18
19
22
13
10
21
17
2
2
8
2
15
14
4
29
14
4
5
7
24
22
10
4
16
2
21
22
8
12
2
7
14
10
4
8
20
7
8
6
20
11
9
20
9
2
6
21
10
2
22
5
7
15
4
19
4
11
13
9
18
2
14
7
4
9
2
7
8
143
12
10
2
16
10
2
9
11
5
17
11
10
4
7
13
3
3
6
7
2
10
2
6
11
3
20
2
11
10
17
5
21
9
2
4
12
10
4
19
10
14
19
6
5
17
9
6
8
10
24
24
13
2
5
10
7
7
12
4
8
11
6
9
8
4
24
6
4
12
6
2
9
7
9
7
12
21
2
3
8
21
9
22
12
9
4
5
4
10
9
5
11
7
14
2
5
21
6
8
7
19
14
8
11
17
7
14
25
18
2
2
6
7
22
6
19
3
2
10
13
14
2
8
2
3
5
5
2
6
11
7
5
5
8
14
13
3
2
7
3
4
14
2
10
8
8
7
16
18
27
8
8
4
9
14
16
2
5
13
21
4
9
14
2
5
14
3
5
4
22
10
6
9
8
19
11
10
4
2
5
11
6
17
9
17
8
10
14
9
23
9
4
4
7
6
14
6
13
12
5
19
2
8
14
5
6
16
12
7
12
4
9
25
3
18
11
12
8
5
8
11
14
12
10
18
7
7
14
6
15
4
2
2
10
11
5
22
10
18
11
2
13
6
2
12
10
2
6
3
5
2
8
4
5
8
9
13
4
11
4
2
9
12
6
23
13
6
4
11
4
9
3
13
2
3
4
5
3
22
2
6
22
10
11
3
9
3
5
19
16
7
10
2
2
15
16
20
2
3
9
12
6
18
8
14
11
11
2
11
13
6
7
20
4
10
13
11
9
7
6
2
15
4
10
6
14
7
17
13
7
12
4
6
4
15
12
15
3
2
3
17
5
11
4
9
11
2
9
7
6
5
3
6
6
4
15
23
7
21
10
11
8
4
9
18
3
2
10
6
12
16
2
7
8
3
18
11
6
17
16
6
14
14
9
13
4
11
15
21
11
4
6
12
15
6
2
9
17
12
9
19
5
17
2
11
12
12
2
6
3
18
14
19
9
4
8
4
7
10
2
11
15
2
8
5
18
14
9
14
20
11
9
13
9
12
15
10
10
13
2
11
7
12
8
10
12
19
2
9
28
4
28
17
2
3
11
3
6
15
5
10
7
18
4
10
13
9
3
17
14
11
8
9
18
18
3
7
5
12
11
11
17
63
6
8
23
9
22
17
6
24
7
4
5
16
8
3
2
15
7
3
7
10
18
8
3
25
21
5
10
25
5
12
9
14
8
22
26
14
5
9
4
4
10
6
18
12
3
17
5
14
9
5
7
4
8
7
2
20
7
13
2
10
4
11
15
3
18
5
12
5
18
19
2
10
2
2
19
6
4
6
14
24
8
3
24
7
9
21
17
2
12
13
5
12
4
2
21
12
10
3
6
14
2
23
13
14
14
20
4
2
2
9
8
21
18
2
11
4
11
2
14
8
4
18
11
2
2
15
3
14
15
6
11
2
6
8
11
8
5
3
3
6
2
16
19
11
21
10
2
3
2
15
2
21
13
3
11
8
8
23
5
12
4
10
7
9
20
13
14
3
4
7
4
3
2
8
5
3
4
2
7
4
5
4
11
15
22
2
7
5
9
8
7
8
5
2
3
2
6
3
14
18
2
15
5
14
11
16
4
11
6
6
8
7
8
9
16
8
9
5
12
14
2
2
4
6
9
22
11
11
15
9
2
2
8
5
10
5
3
12
5
2
2
6
10
14
19
22
2
19
4
11
6
2
4
20
6
4
17
2
12
6
11
4
8
6
7
3
2
8
7
4
2
13
16
9
3
7
10
13
8
5
2
4
3
4
2
9
19
2
8
5
8
10
9
10
14
2
18
15
7
5
14
9
7
6
11
2
5
5
6
4
10
5
17
7
8
7
5
4
5
8
2
5
11
2
5
23
4
4
4
7
26
7
4
12
6
8
8
6
14
3
13
2
3
4
3
7
6
16
22
5
23
11
2
11
4
16
4
5
20
11
2
6
11
9
23
4
9
15
8
14
13
2
8
12
3
6
7
10
9
12
16
9
4
5
20
7
9
7
9
4
12
9
21
2
3
7
6
7
17
7
12
13
2
8
4
7
2
3
7
5
11
15
3
8
10
15
2
3
5
6
4
2
13
5
7
9
3
9
21
2
2
11
16
19
13
7
7
7
7
2
16
10
19
3
7
4
8
8
23
6
17
4
3
4
5
11
5
7
10
10
18
10
6
9
6
10
6
16
11
8
4
8
13
20
9
2
10
3
8
5
3
17
17
10
9
4
4
14
11
6
11
2
16
6
18
15
4
20
22
3
22
2
22
11
6
7
13
6
16
19
24
12
2
18
9
7
5
4
24
5
14
16
4
18
4
7
17
14
2
9
8
19
10
3
2
2
6
3
3
21
12
2
4
11
5
3
2
4
7
2
11
2
3
5
15
16
6
8
4
5
20
5
3
5
5
4
7
7
16
7
9
3
5
2
21
12
7
6
10
14
4
19
4
16
8
7
20
29
3
6
13
5
15
6
6
3
5
10
3
7
3
2
5
17
17
7
3
11
12
8
9
5
4
14
14
11
8
3
17
4
12
13
2
21
2
2
6
7
6
6
2
2
4
6
8
3
4
5
5
7
10
2
11
2
15
9
20
4
4
5
7
14
7
4
7
9
5
14
4
14
2
6
9
10
3
8
16
16
2
3
4
7
8
2
6
7
7
4
2
2
4
7
7
16
7
2
7
14
3
13
5
11
5
2
4
4
8
6
8
2
5
16
2
9
8
13
9
4
9
5
5
12
8
13
6
4
12
18
5
11
11
3
26
16
11
7
11
13
3
2
7
4
9
9
2
9
5
9
2
4
6
7
8
12
13
20
6
7
11
17
20
4
8
3
3
14
2
4
7
6
7
2
18
7
19
4
7
6
7
6
5
8
2
3
17
14
3
15
16
17
12
5
15
14
6
3
3
12
4
14
3
12
7
5
11
4
12
22
8
12
10
9
3
10
10
4
14
5
3
3
5
5
4
9
10
3
3
2
9
3
7
9
3
15
4
20
14
10
14
3
10
19
7
6
5
6
10
3
9
5
2
2
9
2
6
18
4
15
12
4
8
2
19
7
6
18
7
2
10
12
7
20
2
4
7
2
7
17
2
5
3
8
4
14
7
2
7
6
8
8
3
18
3
6
10
11
2
7
13
7
7
10
9
21
5
10
12
11
4
6
6
5
5
2
8
3
4
3
15
8
15
2
4
15
7
3
3
7
6
6
3
6
3
12
5
18
13
8
17
9
6
7
24
17
5
5
4
8
9
3
16
16
20
17
2
6
18
4
6
7
3
4
4
7
3
14
3
5
2
7
14
7
2
15
2
9
9
6
12
4
4
2
7
5
8
8
13
3
2
4
6
3
4
10
11
4
3
9
2
8
2
8
8
11
2
6
23
2
11
5
16
6
2
4
2
4
2
8
17
11
3
9
15
6
3
20
19
2
10
7
11
7
4
8
13
2
3
4
2
8
9
6
2
10
18
5
3
2
14
8
4
2
3
8
3
3
8
5
2
5
2
13
12
4
3
13
4
9
9
4
5
14
2
2
2
10
6
2
2
9
4
10
14
2
11
2
3
6
10
2
4
2
5
12
6
5
5
5
2
3
6
16
3
6
4
7
2
5
2
3
9
2
7
12
19
17
4
6
2
6
7
3
2
6
6
3
2
12
6
3
9
4
3
22
2
8
2
6
5
8
5
3
2
5
6
2
2
3
5
2
10
3
6
13
15
4
5
4
2
3
6
9
2
2
14
2
9
2
5
3
8
2
4
2
7
3
4
9
3
6
8
11
6
2
3
3
19
3
9
9
10
11
3
2
4
13
11
5
3
5
4
19
9
2
5
5
7
5
3
7
4
5
6
11
5
2
3
9
11
8
15
4
2
8
7
6
11
2
4
3
7
17
10
3
6
6
18
5
9
13
8
7
9
7
19
2
3
4
4
3
2
2
5
4
6
3
3
2
3
2
23
18
18
3
6
2
2
3
12
11
3
2
6
8
5
3
2
7
14
13
5
2
9
15
9
14
4
11
2
2
6
2
3
7
6
4
5
3
8
13
2
6
2
7
4
3
2
3
11
8
9
6
6
10
4
13
5
8
2
3
6
2
3
15
2
4
12
2
2
4
6
4
16
8
8
13
2
9
5
7
4
6
6
7
10
3
3
5
5
17
8
2
5
3
2
3
15
2
2
11
4
9
17
2
4
2
4
6
4
5
3
2
2
10
11
3
5
2
7
8
5
4
3
10
2
3
15
9
7
3
3
3
15
9
3
2
10
14
6
18
6
27
9
2
2
7
15
4
2
8
3
6
6
2
2
4
3
5
2
11
2
4
2
2
3
2
2
6
3
14
8
4
7
3
11
3
4
16
2
12
5
3
5
3
5
2
3
7
3
3
8
6
9
11
10
4
7
7
2
17
2
16
6
10
2
3
4
7
6
15
7
5
3
3
5
5
9
4
14
2
17
4
5
9
3
10
15
3
14
18
9
5
16
4
9
13
6
4
4
7
8
17
2
5
12
10
5
2
12
3
4
2
11
4
4
2
4
13
5
4
6
2
4
8
5
4
8
3
7
3
12
3
9
18
14
3
9
2
2
3
5
5
3
6
5
2
6
2
3
3
5
2
7
2
3
2
17
8
2
3
7
9
8
12
7
2
2
4
4
5
3
10
10
9
3
9
2
9
4
5
2
8
5
12
4
2
4
8
16
5
12
8
10
3
9
8
12
8
2
3
4
2
6
8
10
4
8
6
5
2
2
5
4
9
4
6
5
2
4
2
6
3
9
3
3
8
4
5
2
9
2
16
11
2
2
3
4
12
2
5
7
3
12
4
4
6
3
7
7
14
5
21
2
4
2
9
2
24
3
15
2
4
3
4
11
3
3
5
3
3
10
6
11
8
4
7
5
6
11
20
9
4
3
2
6
7
7
3
3
9
5
6
6
5
4
4
11
11
2
10
8
2
2
3
10
4
11
3
2
4
5
3
3
5
10
6
5
4
5
2
4
5
5
2
2
3
21
11
4
9
6
12
4
3
2
6
2
2
3
7
8
5
3
6
11
2
3
6
17
10
2
3
4
7
4
8
18
7
7
5
18
8
5
6
2
3
17
5
3
2
2
2
14
8
7
6
2
14
5
2
21
2
21
8
26
20
91
29
17
26
22
22
30
74
28
13
28
5
5
21
17
14
27
27
25
17
25
25
26
25
25
10
21
26
28
148
17
18
35
34
134
241
26
13
22
28
14
32
27
57
16
273
31
214
52
14
10
8
17
19
19
33
29
16
26
207
13
48
11
107
8
9
10
27
9
4
21
8
24
20
19
30
18
24
17
24
24
25
9
29
28
26
21
19
17
9
26
28
12
6
25
29
12
21
33
9
25
19
20
10
31
28
11
25
31
22
11
24
22
105
22
26
22
29
17
25
33
24
4
17
26
114
187
123
108
60
109
103
38
104
85
19
178
105
127
153
11
51
19
112
40
36
12
3
128
5
35
56
29
120
8
8
2
10
3
11
3
4
4
4
9
8
3
3
6
3
10
4
4
2
4
3
9
10
7
14
9
6
4
2
2
8
4
3
12
8
2
13
3
3
11
5
4
3
9
3
13
2
3
3
5
64
8
4
7
2
4
4
3
5
4
9
7
2
2
2
3
12
2
15
3
14
10
21
3
9
14
127
76
127
4
126
88
63
44
66
26
71
79
43
18
10
33
53
30
3
142
53
36
60
39
71
5
26
85
83
110
21
19
30
45
192
106
125
800
145
252
172
182
200
204
262
117
143
266
19
105
167
91
75
126
122
91
88
27
131
157
143
76
18
123
154
52
117
66
126
84
125
107
61
95
178
121
197
107
91
109
103
133
114
147
65
110
95
93
110
280
187
161
79
99
20
124
122
90
111
125
190
116
104
8
100
154
153
109
72
151
76
118
87
219
122
183
103
112
97
111
77
155
92
128
105
61
170
145
109
3
80
141
156
26
113
130
89
162
101
91
98
147
154
109
66
171
98
156
99
122
108
103
124
114
88
103
91
143
102
135
146
2
75
221
188
21
164
46
128
128
182
7
103
46
140
57
113
56
145
67
104
86
102
84
65
101
78
131
149
95
124
95
125
105
131
134
86
65
97
134
65
134
134
106
63
98
59
87
110
191
98
120
82
151
189
106
94
92
127
55
108
143
78
151
1525
104
1667
69
111
93
114
158
134
69
82
52
897
75
967
876
996
1128
38
31
33
41
100
17
131
111
102
112
121
55
150
63
49
92
79
77
135
93
119
105
96
135
60
85
138
64
26
97
43
106
85
94
75
100
95
136
223
98
120
95
87
173
111
107
78
298
94
185
69
207
53
272
317
318
174
197
139
142
167
202
236
205
181
170
160
208
143
118
225
207
206
236
155
118
88
126
169
172
136
161
259
169
188
246
129
83
150
165
41
135
5886
170
143
49
95
82
150
189
161
185
61
121
96
156
190
135
89
109
126
161
113
98
196
49
24
129
46
191
120
39
20
93
66
66
98
73
125
114
139
113
88
176
122
135
109
109
136
105
89
84
128
57
92
116
97
73
151
113
84
74
146
71
98
82
134
147
125
93
89
100
119
65
44
145
111
62
41
97
122
81
45
89
102
85
77
155
153
98
112
91
43
100
131
101
61
7
86
122
130
90
117
112
156
136
164
107
137
121
75
123
88
114
66
107
68
102
124
76
121
76
56
96
162
75
86
121
144
147
115
114
88
120
73
128
51
76
100
147
72
128
72
103
116
60
64
10
143
81
77
207
108
146
127
55
78
93
73
119
88
158
120
69
71
135
78
92
138
136
151
93
102
103
76
99
68
152
82
85
77
133
67
127
98
155
119
125
104
79
91
85
140
131
139
66
126
65
69
129
99
78
91
69
95
116
58
72
65
113
46
123
108
100
124
117
73
62
99
84
126
85
86
114
114
121
69
62
83
100
122
86
44
86
66
143
53
151
95
112
88
56
54
74
105
54
72
56
140
70
112
108
119
57
130
134
78
101
74
127
79
81
111
78
71
86
115
95
46
113
94
43
92
85
145
44
121
92
87
79
102
103
65
119
78
54
113
73
96
92
88
114
86
105
76
104
76
86
75
71
58
82
60
78
88
112
93
92
106
190
85
140
127
70
53
49
122
71
79
91
110
65
72
107
92
94
44
101
77
111
119
45
92
49
85
64
90
77
91
90
124
56
71
88
86
58
120
101
82
47
80
47
108
102
55
95
106
131
112
94
103
118
137
60
44
108
93
46
74
69
56
75
111
97
95
89
116
66
93
94
105
60
50
176
104
62
61
80
102
73
57
75
119
121
154
111
49
97
107
94
71
49
49
111
81
88
139
72
100
93
115
64
127
105
129
81
53
55
49
41
127
76
63
104
113
90
71
147
100
80
110
106
64
85
93
57
135
118
137
138
77
97
122
120
111
105
94
114
54
102
53
112
89
69
91
88
111
122
63
89
75
96
110
125
65
93
40
72
84
91
74
44
76
71
98
89
169
65
94
86
141
46
92
55
93
43
103
138
75
120
118
44
59
132
72
73
67
68
131
89
91
131
86
124
77
63
147
67
55
107
69
76
101
84
98
110
68
101
89
71
66
40
45
121
105
57
81
99
89
42
70
63
66
62
98
70
75
102
104
63
85
74
94
38
94
97
111
104
69
72
108
67
112
42
135
78
123
97
104
109
67
55
64
42
74
58
84
108
47
110
114
164
60
89
73
60
57
111
94
44
91
94
105
60
114
93
66
157
70
101
75
67
98
44
92
48
90
78
54
102
83
74
102
100
87
111
78
122
81
69
65
136
73
83
110
54
84
75
88
116
85
151
88
103
45
68
42
89
129
50
62
94
123
76
85
43
68
97
89
63
72
134
82
94
92
72
52
95
61
47
43
84
45
98
93
77
41
101
78
41
59
79
46
49
44
61
76
83
64
54
89
64
79
68
52
71
101
80
41
77
51
94
57
88
86
49
55
60
78
44
82
66
71
74
41
126
136
70
113
62
138
3312
56
52
71
109
73
96
64
45
138
110
81
88
100
56
45
78
74
77
41
97
75
91
65
91
89
44
72
54
91
52
68
90
84
69
70
105
81
111
48
90
60
79
75
85
105
69
67
91
100
104
97
99
62
39
75
63
69
64
43
43
53
106
45
79
69
85
72
73
76
89
88
78
62
55
112
68
66
175
73
81
65
118
78
72
87
76
62
95
61
49
101
72
102
90
41
43
76
62
66
78
89
110
98
43
165
105
73
43
57
52
44
97
156
43
55
104
43
86
74
49
51
75
61
53
53
78
98
62
106
107
65
93
99
78
102
109
81
15
4
83
2623
87
74
5
112
2
6
6
81
3
81
55
110
2
18
103
4
3
2
94
43
48
4
4
67
2
129
6
4
117
40
71
12
153
58
3
35
65
41
11
4
43
69
67
114
47
3
64
54
58
60
16
63
7
63
66
11
113
41
74
92
14
5
8
95
8
101
96
2
12
57
6
125
4
10
53
3
74
74
96
7
67
77
43
78
41
138
19
67
21
4
115
8
100
6
12
76
2
80
98
3
4
96
13
100
14
57
58
5
77
77
78
73
102
3
19
138
75
171
41
93
70
36
88
45
60
58
100
84
109
49
108
95
17
60
41
70
46
16
66
148
8
15
87
43
24
42
84
14
7
11
62
26
9
51
48
13
9
41
3
20
89
9
13
120
103
2
70
45
66
102
55
30
54
95
13
65
12
59
3
3
130
4
111
73
72
2
4
48
51
16
76
39
59
71
37
7
66
105
43
99
81
40
68
10
116
109
38
71
37
8
58
109
91
80
10
43
3
66
113
36
97
65
25
4
16
75
17
115
3
6
4
2
123
8
11
4
4
4
6
6
95
2
4
46
96
40
1416
105
118
79
80
103
44
49
99
77
34
44
138
100
89
67
54
61
153
45
72
54
74
82
11
5
70
82
94
71
147
70
95
1296
39
1113
27
60
51
44
37
49
65
140
49
40
154
1168
1213
93
27
78
98
50
56
40
37
50
4309
3773
3190
3206
835
218
242
130
189
99
162
180
222
145
220
283
102
96
292
230
157
162
176
200
183
187
138
177
79
203
105
120
202
98
94
104
77
73
88
164
106
84
116
129
74
75
77
82
112
66
110
92
115
76
80
40
44
182
62
86
109
97
57
129
134
44
80
81
103
97
64
65
95
71
83
132
40
72
75
71
79
73
92
51
41
70
83
80
76
38
76
117
49
70
42
83
73
64
62
61
72
50
73
67
37
64
70
65
73
109
91
47
65
94
56
88
62
52
116
61
89
42
51
62
66
42
61
68
97
75
63
74
51
40
63
47
64
39
52
67
58
38
108
68
41
130
77
39
101
97
48
63
39
37
74
43
87
42
78
66
71
71
74
72
41
60
36
72
36
81
57
48
59
68
40
55
47
75
28
68
66
44
150
53
48
40
68
42
59
72
87
91
37
53
56
49
52
76
88
42
68
84
41
79
76
73
38
90
53
64
66
60
82
69
54
63
62
41
55
63
81
40
52
60
89
103
46
50
74
71
52
48
72
71
61
74
63
41
75
44
43
49
63
60
41
97
64
51
65
46
55
78
35
54
42
61
46
71
44
48
101
51
64
53
42
77
49
43
57
29
67
63
72
59
82
51
65
67
64
44
72
38
58
48
42
46
76
66
70
35
71
45
54
44
41
46
38
79
43
49
39
86
44
81
54
86
87
63
48
86
53
42
79
63
73
102
43
56
75
43
71
36
41
42
53
48
54
69
62
43
108
65
43
60
40
39
43
53
42
65
66
49
44
36
70
41
77
27
48
42
42
59
41
59
52
50
80
77
51
68
46
39
71
43
75
98
39
40
61
61
67
62
59
47
107
42
58
36
42
70
55
43
75
41
41
40
47
100
94
44
86
36
41
35
40
63
46
42
82
76
47
67
36
44
61
29
51
41
43
63
41
68
59
64
45
43
64
79
40
35
43
43
108
56
35
55
33
50
68
60
41
57
60
69
43
73
59
93
42
87
70
41
35
42
46
73
90
86
40
68
67
95
41
40
73
37
68
74
39
41
69
44
141
106
37
61
90
75
58
58
64
78
111
42
59
41
61
59
66
84
35
88
39
42
41
60
59
50
44
41
44
89
87
42
54
43
33
38
61
44
48
52
55
57
57
40
71
45
62
63
59
43
86
42
50
54
35
45
37
55
54
114
73
60
43
40
39
42
78
39
33
57
41
35
40
71
69
38
40
76
38
41
55
66
82
62
38
34
33
49
35
95
43
54
51
63
33
59
76
65
64
54
40
61
36
72
94
32
48
60
51
38
80
38
60
52
61
93
36
71
46
69
63
57
40
66
38
43
38
84
39
42
44
56
40
68
73
66
39
59
39
40
45
61
39
80
64
46
57
42
41
71
90
51
53
39
185
37
73
61
40
38
46
40
55
36
58
39
56
41
55
31
45
39
41
37
51
38
51
59
39
99
37
63
62
38
33
38
38
80
82
37
41
65
46
61
64
37
44
61
39
43
72
65
42
55
68
41
33
61
57
42
43
68
43
72
40
62
56
42
63
50
61
40
40
35
60
36
40
39
43
63
59
36
101
29
58
37
58
55
65
63
39
45
69
41
36
32
59
42
44
45
47
47
46
41
67
38
36
67
46
39
52
37
55
45
40
49
59
51
92
38
37
79
41
64
43
69
52
69
52
57
39
58
54
47
48
87
34
59
43
37
38
40
2
64
46
77
41
40
42
58
50
32
41
67
66
70
80
63
50
43
41
53
42
53
58
76
50
38
45
50
42
49
39
43
37
41
116
70
101
70
57
69
48
44
70
59
83
75
73
53
37
37
40
42
38
38
51
38
39
37
38
42
54
36
44
45
61
54
39
55
65
70
41
49
59
74
47
40
37
54
82
62
58
41
50
60
61
51
67
46
50
47
66
56
55
111
54
2
34
60
41
55
63
38
63
52
69
41
42
63
107
79
49
38
50
107
37
33
55
78
37
69
41
45
56
36
45
67
66
52
41
50
43
94
63
38
40
39
63
54
44
40
64
62
58
64
38
39
42
77
40
37
38
64
31
62
52
68
67
38
39
57
78
40
41
36
63
55
74
41
67
46
53
64
49
61
38
60
78
46
71
40
70
58
45
32
50
36
70
38
67
49
45
37
43
51
37
42
41
59
31
36
68
106
41
40
48
81
67
46
38
70
47
42
40
70
43
50
39
53
66
67
58
55
77
35
3
60
69
63
68
43
58
64
66
35
69
55
40
50
44
56
40
47
39
80
61
70
92
70
59
38
40
40
51
52
57
51
59
58
56
43
33
81
37
42
65
65
43
46
38
41
59
34
50
39
44
53
48
38
46
81
41
47
48
37
60
57
45
60
41
59
39
65
41
31
41
38
41
54
41
43
68
85
42
36
61
47
65
40
81
35
37
70
19
63
58
40
49
56
81
36
58
40
36
36
67
41
41
52
38
38
64
49
42
46
38
49
53
43
44
69
39
32
31
47
37
44
64
42
37
42
66
68
32
54
38
33
41
38
63
71
59
37
60
38
40
44
36
33
61
107
38
36
43
52
68
72
62
39
68
39
41
41
35
44
40
36
37
43
32
65
66
36
36
38
39
38
106
45
50
33
43
36
37
42
78
39
35
43
43
56
60
36
36
51
39
37
52
39
60
68
61
43
37
60
44
36
41
68
41
37
42
71
85
35
51
40
39
55
37
68
41
43
69
38
42
73
59
76
38
51
74
37
53
43
58
37
42
51
45
49
40
36
68
41
61
43
39
32
42
47
34
56
55
46
91
58
72
44
36
39
85
64
54
55
35
40
59
38
37
63
39
64
31
42
37
59
36
38
65
41
36
79
61
56
39
49
41
32
44
31
55
42
36
82
44
44
34
73
66
43
48
67
35
68
36
81
52
64
55
68
28
36
40
44
47
74
73
80
39
46
64
42
41
56
36
35
38
32
42
46
44
38
61
34
52
39
65
50
37
42
52
72
36
50
64
37
43
31
49
57
84
42
41
39
42
36
62
35
58
37
40
122
79
41
40
62
40
36
64
36
37
37
53
39
44
36
41
55
43
60
67
43
33
52
40
37
39
39
39
50
50
32
52
53
51
73
85
41
64
83
39
46
52
32
36
107
49
81
33
68
42
44
37
43
57
43
36
38
37
38
35
42
64
66
41
32
34
36
68
35
40
37
40
50
53
38
36
33
49
35
41
66
51
35
65
42
55
67
46
39
46
47
44
2
33
47
42
61
41
111
51
65
37
38
63
35
51
50
42
64
37
40
47
47
38
78
62
62
58
37
37
53
67
39
52
58
33
57
40
35
43
42
37
35
49
6
40
42
42
37
68
40
35
7
49
47
38
56
39
57
34
38
42
74
39
39
39
51
34
40
31
56
43
87
54
69
42
57
68
34
54
56
38
43
63
35
40
71
60
43
34
38
52
33
56
39
40
46
34
31
38
49
44
64
48
39
39
46
34
32
36
37
41
38
48
39
37
52
42
34
40
50
43
52
41
65
36
38
55
73
39
51
60
38
41
54
35
56
35
48
32
60
30
37
30
39
62
11
71
37
41
44
40
34
60
38
41
38
61
39
64
38
48
35
38
38
42
37
33
36
56
67
47
57
41
33
43
63
35
47
43
46
35
49
38
38
44
52
38
65
34
49
66
40
31
76
38
41
70
58
56
53
67
61
63
36
47
36
38
43
38
43
78
50
33
36
37
48
36
77
57
21
40
47
44
37
39
55
62
37
79
70
68
58
40
64
46
56
64
43
46
48
38
51
36
34
80
39
44
34
43
40
43
35
55
43
38
40
60
39
41
88
54
54
40
57
49
57
69
41
43
39
44
32
40
42
39
32
38
38
58
43
38
42
39
55
55
37
65
34
37
10
43
38
35
45
38
65
54
44
39
36
61
37
45
39
62
39
37
49
36
62
39
51
56
36
35
38
60
38
46
81
36
41
3
45
37
36
38
36
65
53
35
49
60
28
30
37
41
39
52
57
51
42
55
70
39
31
37
44
62
40
58
39
38
35
38
38
80
25
38
68
39
36
33
68
33
37
37
38
66
39
37
42
40
74
48
35
73
61
39
41
55
68
49
40
43
34
34
46
36
42
34
39
60
60
38
35
33
80
42
37
37
50
36
37
22
47
41
49
54
70
41
47
41
41
46
47
40
51
36
31
38
37
68
41
40
39
41
54
38
40
68
51
90
52
59
41
40
74
67
43
36
52
44
36
40
45
39
36
46
45
50
69
38
36
42
29
59
47
35
41
48
41
51
33
35
38
39
34
43
57
32
44
34
38
56
39
33
35
43
43
37
38
50
41
41
50
49
40
12
36
53
62
35
34
47
44
36
35
32
36
44
62
59
40
39
42
32
44
35
43
38
37
34
51
56
52
42
42
41
39
34
35
28
64
29
39
34
38
35
38
47
38
58
32
54
33
38
34
38
50
32
67
41
40
44
37
59
35
34
36
40
29
43
58
63
35
46
43
34
79
37
32
41
41
67
49
82
42
74
64
50
41
26
59
66
31
54
37
37
59
55
67
38
40
39
38
40
32
32
70
58
38
40
93
46
74
37
37
38
40
39
63
35
34
66
35
43
40
66
34
48
34
33
36
68
36
28
43
64
64
36
60
37
39
64
35
40
30
32
57
39
35
50
48
38
38
39
52
34
35
53
30
37
31
36
56
31
44
65
49
40
40
56
53
39
39
35
33
62
46
35
58
60
47
36
33
45
37
34
39
31
37
40
39
39
49
37
69
61
73
39
37
35
40
35
60
38
50
41
35
36
40
32
35
37
36
32
76
2
34
74
35
28
70
42
28
36
34
42
38
49
35
40
85
65
61
37
47
39
37
38
35
36
35
34
80
34
66
39
51
31
47
48
33
38
34
34
30
41
61
30
36
44
43
30
55
60
32
29
105
59
41
59
37
59
34
33
36
31
38
33
72
64
46
41
37
40
37
37
63
40
31
32
36
28
36
34
48
38
36
35
33
37
53
34
37
39
40
40
36
60
37
29
36
47
42
47
80
56
52
42
62
57
64
38
39
36
37
36
32
43
36
38
39
46
47
58
38
47
34
51
36
38
38
39
37
27
39
2
52
31
43
39
43
34
34
40
43
43
43
37
31
66
53
60
40
65
46
33
36
32
33
66
46
32
34
15
53
58
46
42
38
40
39
33
39
45
83
41
34
32
37
50
48
39
49
38
44
50
34
50
59
38
54
32
35
54
23
39
44
58
37
38
34
60
41
38
35
36
35
39
37
33
37
39
40
39
31
68
40
47
69
37
33
56
31
34
33
36
38
58
38
41
38
39
31
36
60
40
60
57
38
35
36
43
57
34
49
55
57
26
36
31
34
57
38
35
56
38
44
44
40
33
43
35
33
56
39
40
64
26
37
40
69
34
38
41
39
56
45
24
37
31
39
36
34
60
37
58
43
38
39
41
55
40
31
38
37
57
59
38
60
37
31
44
44
29
38
40
30
38
41
52
31
37
61
36
51
43
53
37
34
32
61
38
54
38
55
47
36
28
45
33
37
44
36
32
37
41
42
37
81
74
38
31
46
37
24
44
58
38
39
53
30
37
40
42
69
33
34
34
35
31
42
33
87
35
60
36
41
40
30
52
50
35
63
41
45
39
38
35
38
49
37
34
41
35
38
31
36
36
42
34
27
34
39
22
36
41
54
40
65
48
34
33
38
34
34
46
40
51
36
37
42
33
76
46
36
39
34
51
47
30
35
34
36
67
42
37
38
55
37
38
47
35
34
50
44
43
42
65
39
38
37
46
38
35
35
39
54
34
41
35
35
37
43
85
35
38
33
39
29
48
36
36
44
31
32
41
34
73
47
57
36
40
59
50
37
41
60
37
31
44
32
33
33
37
27
35
43
38
32
42
56
38
36
42
50
36
43
38
32
35
70
31
32
41
53
60
38
39
35
57
38
38
37
39
35
45
43
34
54
30
37
31
35
29
31
37
46
34
33
42
40
32
48
36
59
28
37
31
51
38
47
39
30
35
27
58
48
56
36
39
45
40
62
36
32
42
53
34
33
37
32
37
34
38
46
54
38
36
72
51
38
55
39
33
44
45
35
36
63
39
34
39
4
51
85
56
34
38
35
37
40
36
26
33
36
33
39
37
44
50
32
49
33
36
49
32
35
97
37
33
33
52
34
44
58
41
37
58
34
30
31
55
35
51
40
34
54
33
43
38
23
40
70
36
49
46
36
52
34
36
55
34
31
36
39
35
16
28
37
28
33
39
45
39
34
64
36
34
33
35
60
37
39
33
34
42
29
33
57
56
35
26
22
52
25
45
29
29
44
35
41
32
53
62
49
50
35
32
38
32
32
13
37
32
41
36
41
35
39
36
40
40
51
60
38
49
34
35
55
42
35
36
37
65
31
32
43
38
38
36
51
39
35
37
38
34
37
36
41
43
32
39
39
29
30
35
51
39
37
32
35
60
50
40
34
34
37
58
35
42
33
69
35
38
45
57
25
38
33
37
31
34
34
36
30
37
47
40
34
39
45
26
42
29
36
36
32
35
36
34
31
36
41
37
37
43
41
38
34
66
39
46
32
35
41
35
31
37
38
36
35
32
33
38
38
33
39
33
37
50
37
56
28
37
45
43
35
52
46
36
41
44
34
34
44
73
44
35
39
41
42
37
32
43
37
34
31
35
38
38
34
28
54
39
29
46
37
37
35
48
66
29
37
32
41
40
40
37
63
31
49
76
33
37
36
39
32
37
34
67
40
45
27
52
54
37
30
62
46
38
37
32
25
38
32
36
40
38
40
38
33
50
79
37
43
38
34
29
57
36
41
33
28
34
32
37
39
44
40
45
36
32
38
38
38
37
34
32
47
63
43
39
39
45
40
38
56
72
50
37
36
30
33
42
36
27
59
39
42
31
32
26
35
40
32
56
40
42
67
39
36
41
32
35
35
33
32
39
37
39
47
49
29
48
38
47
37
52
36
32
34
60
40
33
54
46
96
27
43
32
38
56
45
43
38
26
34
48
36
28
34
38
29
46
33
36
35
29
33
55
58
32
39
46
34
35
32
40
34
34
34
35
37
36
31
32
36
34
38
32
59
32
40
40
30
50
31
31
31
21
32
40
63
38
39
64
34
39
36
48
39
36
64
41
32
39
38
35
35
66
31
38
39
31
27
63
41
37
52
40
39
41
53
59
38
33
27
32
39
51
32
26
43
37
51
51
30
39
34
41
29
29
80
53
34
37
39
33
34
44
33
39
58
38
34
31
36
37
29
38
32
52
35
42
32
31
37
36
34
34
36
58
34
34
45
31
62
36
43
34
35
28
66
42
42
35
39
28
61
35
73
31
36
39
35
56
34
34
41
37
35
36
34
38
35
24
49
36
42
37
36
41
38
48
41
40
35
33
39
31
58
36
36
47
32
35
26
52
34
46
33
38
33
55
43
36
52
43
46
32
30
38
29
35
29
35
35
11
33
30
36
33
43
28
49
64
38
32
66
54
70
39
45
39
36
34
36
52
45
67
53
47
30
35
28
28
38
29
31
40
71
38
44
38
39
37
41
35
31
49
38
29
36
36
35
56
49
32
53
34
27
38
33
31
34
32
35
35
58
39
50
32
54
33
34
41
46
2
35
79
30
38
35
35
37
42
36
37
35
52
35
63
35
82
38
33
31
36
38
62
35
33
50
35
65
26
37
39
22
39
41
33
35
30
15
38
34
34
35
36
36
35
44
34
33
38
57
35
29
33
39
74
50
34
35
30
45
41
46
34
70
38
43
35
32
38
58
44
30
41
58
25
34
41
55
41
34
37
42
33
37
35
55
40
37
29
31
31
38
58
35
27
28
35
46
41
33
42
35
34
35
30
36
36
29
36
42
23
36
30
36
49
18
40
75
51
29
52
36
40
60
45
30
40
37
31
38
36
32
45
49
35
57
36
40
44
29
23
28
32
37
39
42
60
64
41
55
34
35
34
35
35
40
19
34
33
30
36
23
56
31
31
32
29
39
34
42
31
38
40
48
36
40
37
31
36
31
98
60
31
33
68
35
47
46
31
34
45
43
35
25
30
54
35
46
29
31
35
33
30
48
34
47
28
32
35
36
35
30
51
31
69
50
39
36
39
33
35
36
31
34
33
39
48
30
26
34
40
35
41
30
47
30
36
54
27
37
2
13
38
39
47
32
30
35
33
33
24
44
34
32
56
36
34
36
34
32
28
36
54
27
15
52
37
27
55
38
35
40
45
35
33
34
32
37
34
39
56
56
28
40
33
26
54
36
33
32
45
31
62
36
36
37
30
53
32
49
39
49
38
30
36
30
68
28
28
37
35
35
38
46
41
41
49
33
36
27
54
33
34
28
34
53
37
73
38
38
31
33
57
36
33
34
35
34
53
16
37
36
30
36
41
56
30
30
33
77
28
34
32
54
46
41
33
33
55
30
35
30
34
38
40
38
35
41
35
30
31
38
52
34
36
44
36
30
42
33
35
37
39
34
31
36
32
48
26
29
33
35
36
34
33
35
30
108
41
38
34
34
69
34
51
32
54
35
30
29
31
40
26
39
43
36
33
36
21
40
36
39
31
36
37
37
66
47
35
35
46
34
35
34
49
35
48
32
34
32
85
44
35
33
38
36
29
34
72
34
39
38
32
31
40
36
29
33
31
47
35
32
52
29
27
46
37
31
52
48
36
49
34
48
61
36
31
37
34
69
36
27
29
47
33
26
29
25
31
29
31
35
47
32
32
45
44
33
40
32
28
36
27
24
38
35
59
38
32
53
54
35
60
33
56
40
50
36
32
32
39
40
34
31
33
34
40
34
27
24
36
32
42
34
37
32
35
30
32
35
29
37
33
32
23
31
19
37
33
39
34
37
54
27
34
36
35
43
30
25
36
38
34
32
32
39
29
30
43
36
34
34
50
37
30
33
34
36
34
33
32
29
32
31
27
39
42
32
39
39
44
38
37
36
32
42
27
31
29
31
45
31
37
34
33
30
34
28
43
33
38
33
30
33
41
32
37
25
19
31
36
30
39
30
29
34
47
34
29
32
27
70
27
33
84
40
37
33
28
41
38
39
37
33
35
38
39
36
35
35
35
34
33
34
41
35
41
33
41
41
36
33
36
34
34
39
27
60
51
28
28
35
34
68
37
30
27
38
33
20
33
35
27
25
40
32
30
31
36
36
34
37
61
45
48
35
31
42
32
28
36
26
37
37
34
33
43
32
27
45
39
30
31
44
50
34
53
38
45
35
38
36
73
17
36
53
30
27
33
34
34
17
27
24
32
6
41
57
36
43
41
28
30
30
34
29
35
34
36
41
55
33
37
32
38
35
35
21
21
39
28
50
34
28
24
40
51
38
37
27
33
39
41
43
33
45
37
30
42
29
36
33
38
41
29
30
37
56
34
37
38
29
34
31
38
34
37
32
34
30
32
34
42
57
41
28
61
35
37
31
2
38
41
39
38
34
34
30
35
36
34
30
19
43
41
29
59
37
40
31
25
35
35
36
35
26
36
34
34
53
37
25
35
30
37
32
31
30
33
25
51
51
61
34
37
37
42
36
36
31
40
34
58
32
31
38
36
41
35
36
31
35
35
31
37
40
42
45
31
36
32
35
43
37
36
40
31
8
35
37
37
31
33
32
57
28
46
41
35
31
29
37
36
31
40
35
34
36
25
38
30
39
26
39
37
35
38
41
43
32
31
46
40
27
36
36
34
33
33
36
45
40
38
36
37
36
31
39
29
36
25
58
34
26
30
44
37
28
35
36
34
33
36
37
30
35
39
31
37
49
44
25
31
35
31
37
41
34
31
37
30
35
33
33
16
38
32
25
35
29
32
17
33
35
36
34
34
28
20
36
34
30
35
31
25
38
33
2
38
34
35
26
38
40
32
43
34
33
45
15
38
36
37
35
38
38
29
34
40
29
46
28
29
40
29
37
28
30
34
35
34
34
32
40
27
28
50
21
37
32
43
35
13
36
30
32
29
23
29
36
44
40
34
32
31
31
29
35
35
28
35
35
39
37
36
33
28
22
21
35
33
36
28
32
28
29
28
35
24
34
39
32
30
36
32
29
53
32
35
34
31
33
39
45
37
38
36
29
36
31
33
28
25
34
32
28
31
34
31
34
33
31
29
13
33
33
34
40
54
32
35
36
35
33
40
37
29
32
37
53
30
35
32
33
29
33
43
34
28
34
41
39
34
62
29
34
27
41
41
39
33
39
32
35
33
26
39
48
25
47
15
37
36
38
33
43
30
37
37
29
32
36
38
26
35
34
16
36
30
35
36
32
35
29
31
33
28
33
31
33
31
32
38
30
58
34
44
29
29
30
36
31
36
35
40
15
32
32
37
28
31
33
35
36
31
35
68
43
19
37
30
56
35
33
35
32
36
31
33
32
34
25
32
38
34
35
28
39
26
25
35
30
32
51
36
28
26
22
30
33
31
36
21
27
41
39
24
29
38
33
35
34
31
31
26
33
28
31
34
32
31
35
37
29
38
39
34
36
28
27
38
32
41
34
36
21
44
29
33
30
30
33
45
31
32
40
23
34
38
39
31
92
34
35
44
28
33
49
31
29
28
36
33
36
34
34
29
42
39
21
32
33
31
40
57
16
35
32
39
33
30
27
33
29
35
40
32
32
17
27
36
39
41
34
35
26
32
37
33
29
31
34
27
35
30
29
31
36
4
28
34
36
35
49
37
30
28
30
49
36
35
37
33
39
21
35
33
39
38
21
20
39
43
24
35
30
26
26
33
25
42
36
28
35
33
23
31
39
39
46
32
31
33
27
34
29
23
23
38
46
37
32
32
27
28
37
28
30
25
31
23
33
33
38
38
39
40
31
36
57
31
24
37
36
32
28
38
30
30
19
46
32
35
37
34
25
27
39
38
33
26
28
47
26
29
30
31
28
38
45
42
31
33
42
37
40
32
37
34
41
32
35
30
44
36
29
35
35
38
42
35
33
34
60
33
33
34
29
29
26
31
15
31
34
29
39
31
41
32
34
36
61
33
33
46
34
18
35
30
28
33
35
36
30
27
58
33
32
27
36
46
30
37
45
31
36
32
28
37
32
30
34
33
36
28
32
22
30
20
37
39
51
24
26
38
44
29
29
32
27
32
33
31
33
21
34
33
35
28
37
25
33
29
30
35
24
28
25
25
38
33
66
35
63
21
33
35
33
35
34
31
34
40
37
35
31
39
31
31
32
26
32
45
29
31
36
35
40
36
33
27
30
37
33
27
31
33
21
31
39
25
32
37
27
32
36
34
35
32
21
32
36
42
24
50
32
42
36
34
32
36
36
25
37
21
31
41
37
38
25
31
28
26
35
33
33
29
29
30
26
32
34
39
28
28
33
108
42
35
29
38
34
30
35
62
36
33
31
29
71
39
28
30
56
37
31
34
32
30
36
29
34
35
25
29
37
44
30
32
31
36
25
34
37
16
30
37
28
99
31
47
33
23
21
45
36
35
34
35
32
29
40
40
20
35
31
42
17
32
59
22
35
24
31
37
36
46
41
36
19
28
34
34
34
31
27
37
33
34
62
32
36
31
35
34
34
34
33
35
30
38
4
18
43
37
38
35
27
34
31
37
39
30
35
34
36
34
32
43
30
34
34
32
31
37
38
34
26
29
32
40
23
24
38
34
50
25
29
30
25
28
31
37
34
32
28
31
32
50
43
34
33
3
30
41
38
48
29
24
36
32
45
57
39
20
30
28
31
28
33
32
37
34
28
18
40
34
39
41
30
32
34
30
24
18
34
30
33
37
37
32
30
22
37
33
23
29
25
40
28
33
39
29
35
21
32
29
29
27
36
29
35
28
33
34
54
34
41
37
15
30
36
30
36
30
30
33
3
28
33
24
44
25
39
34
30
35
38
56
33
33
23
31
29
40
30
30
36
6
53
31
47
31
28
28
35
32
20
37
59
29
33
37
28
27
30
31
27
21
60
48
48
40
37
14
40
19
34
32
31
37
23
31
44
25
30
25
2
6
28
38
37
26
28
21
27
45
31
33
35
27
37
28
35
34
36
29
41
28
27
29
18
34
33
30
39
29
27
37
35
34
37
38
31
21
24
33
36
32
32
29
12
30
36
29
30
30
21
34
30
41
34
32
35
34
32
34
34
30
31
28
27
39
27
27
25
57
13
32
29
33
32
38
37
28
30
29
37
43
31
28
28
25
32
30
29
36
34
37
40
32
27
25
38
24
34
27
33
25
28
32
33
31
29
26
83
23
30
30
36
35
24
36
36
30
34
36
27
30
36
20
34
33
9
37
34
36
26
33
28
27
33
31
30
28
25
23
25
32
40
37
36
35
35
34
36
35
23
27
100
23
45
32
34
28
30
41
36
34
35
29
17
76
34
34
32
39
36
28
32
31
32
34
31
36
32
32
37
32
30
33
32
18
36
28
20
35
64
20
36
32
25
38
29
35
27
28
35
31
31
22
38
35
38
50
30
33
36
29
36
16
34
22
34
34
37
33
23
32
29
34
28
36
36
41
43
30
36
17
33
29
29
27
29
39
53
33
37
31
50
30
40
26
37
32
24
35
31
36
26
30
28
37
31
35
32
35
28
23
35
31
35
34
26
32
28
28
18
33
34
29
20
30
36
32
22
33
37
33
31
32
32
34
40
33
26
10
33
27
37
26
22
32
32
25
33
27
36
17
36
34
31
34
37
32
33
30
40
31
29
31
29
21
36
36
36
31
33
36
38
30
37
31
49
30
33
15
29
35
28
31
36
25
31
34
25
32
30
33
22
30
24
31
35
35
26
31
34
26
31
34
26
35
37
32
33
27
15
26
32
35
39
35
37
25
37
22
33
29
33
34
33
38
34
34
29
26
19
29
33
26
33
34
18
29
36
32
23
38
31
36
27
48
29
33
33
43
29
25
22
18
34
32
29
31
30
24
26
33
20
27
32
33
29
27
28
17
33
35
37
25
41
35
20
30
38
31
37
39
33
29
38
14
19
32
30
34
36
33
32
33
25
31
10
35
30
32
34
32
39
34
35
31
37
32
28
32
34
34
33
32
31
29
33
37
25
20
32
32
24
31
23
34
40
28
36
26
37
35
30
37
35
33
35
33
33
31
2
27
36
71
38
36
36
30
31
18
30
43
33
6
37
19
36
31
34
30
31
35
69
33
19
17
14
33
27
31
34
27
31
18
35
35
28
35
41
29
31
35
29
27
33
27
37
34
34
21
37
34
33
36
29
27
35
40
31
18
32
29
33
34
31
33
29
27
35
36
36
35
11
30
34
33
35
30
27
23
50
30
29
35
34
34
29
27
27
34
34
23
21
32
27
30
30
34
34
29
26
34
29
28
34
53
28
33
20
29
29
36
35
32
33
35
34
32
35
16
27
33
34
59
35
30
26
27
30
31
30
35
24
19
30
33
29
30
25
33
28
31
37
28
32
30
29
35
31
72
29
27
33
39
31
29
32
35
24
30
26
31
31
30
32
33
30
29
38
28
31
24
23
26
28
31
33
15
27
30
44
26
25
31
16
32
30
31
35
28
36
32
26
29
30
30
37
29
34
38
18
30
27
23
22
29
39
33
31
34
29
35
33
36
30
34
24
26
28
35
32
49
23
41
28
28
42
34
18
19
35
34
36
30
33
34
22
30
30
40
23
38
28
32
65
34
31
34
37
36
34
32
21
36
36
22
31
31
20
31
35
32
32
20
31
31
28
29
39
30
34
26
37
37
39
41
33
31
33
35
29
31
27
30
28
34
29
33
33
29
33
29
31
36
34
25
31
41
36
24
41
14
34
31
32
22
32
37
26
28
26
26
33
30
31
35
29
32
32
2
30
31
38
35
38
39
31
24
33
26
37
36
31
30
29
14
35
32
32
26
17
30
14
33
31
30
32
27
31
31
27
32
31
31
29
23
30
4
35
26
37
28
16
29
31
35
31
36
25
33
60
33
37
32
25
32
29
34
35
35
26
22
33
30
26
37
25
31
29
27
34
35
34
38
16
38
35
32
23
32
32
31
16
30
31
31
51
35
30
15
31
26
28
33
32
32
27
33
26
21
39
36
33
24
22
30
30
28
32
30
29
29
32
36
36
32
33
21
34
31
27
14
31
45
28
31
29
30
17
27
26
32
30
28
18
28
20
32
36
28
29
31
23
33
35
21
32
40
28
34
28
32
21
35
28
30
30
34
31
40
31
35
20
24
29
30
31
25
18
31
31
32
27
24
27
31
32
32
27
24
27
34
34
43
33
28
25
27
34
45
32
6
38
24
2
32
37
33
31
21
36
25
20
33
30
36
40
33
31
33
27
29
34
28
35
23
36
31
32
28
34
34
20
32
35
28
31
34
40
38
47
39
30
27
35
28
33
34
24
24
18
27
28
25
30
31
23
27
31
26
32
25
31
24
25
26
35
36
33
28
33
14
35
32
32
32
29
32
29
34
15
21
24
27
18
26
27
32
30
28
26
32
34
32
15
31
33
31
28
34
29
12
25
22
31
37
32
23
31
38
31
27
23
30
27
34
34
36
35
35
25
31
35
36
14
33
26
32
36
37
21
29
34
24
29
36
23
26
28
33
31
28
31
24
30
18
37
27
26
28
33
34
34
35
32
33
26
3
31
34
27
21
28
27
28
28
32
50
22
29
35
38
32
41
32
31
30
33
34
32
30
10
44
31
22
28
28
31
32
34
23
29
37
35
23
43
34
27
33
34
40
34
33
30
34
30
29
23
44
30
31
29
39
27
39
22
38
35
32
34
28
25
29
30
31
26
30
38
23
29
39
29
24
27
26
24
30
31
35
31
26
15
29
33
27
25
33
19
37
31
31
38
30
32
28
35
29
32
30
32
35
29
12
21
54
15
29
35
26
33
39
33
28
35
35
24
31
20
31
31
26
30
31
32
30
28
34
45
37
36
26
26
36
42
38
36
39
2
28
33
41
30
33
26
33
29
46
47
34
19
53
29
62
21
32
45
36
32
32
23
11
26
31
29
30
31
33
32
30
36
33
26
36
42
28
20
27
30
24
33
33
24
34
27
34
39
33
26
34
30
29
27
29
30
33
36
31
33
31
35
29
29
33
34
33
29
28
30
30
33
29
37
24
26
32
14
34
15
15
33
35
37
27
30
34
35
31
25
30
26
31
28
28
31
12
38
31
26
35
35
15
37
2
30
29
30
36
32
32
33
31
25
30
18
31
25
56
41
34
20
28
29
39
36
34
31
28
40
28
31
29
35
35
26
30
30
25
24
24
35
37
32
34
31
37
25
30
29
36
54
34
26
7
30
25
30
26
27
30
31
32
22
28
28
36
34
14
44
33
31
32
36
38
32
34
30
29
30
35
3
43
35
26
35
37
29
21
29
19
35
28
36
35
23
20
33
31
31
40
27
26
29
31
28
28
30
30
35
34
27
37
27
28
31
26
28
35
32
26
37
21
31
28
22
38
27
26
21
28
60
36
33
31
35
26
24
27
31
31
34
39
33
26
49
37
29
5
27
20
36
32
28
31
26
27
31
3
34
34
27
32
33
34
33
32
44
30
28
28
31
36
29
35
28
29
32
29
32
28
29
28
24
25
28
35
31
33
52
32
6
32
31
34
28
33
26
36
41
19
30
35
24
22
32
32
29
6
34
32
35
23
30
27
15
36
34
28
29
29
28
36
27
27
32
30
30
33
37
38
32
27
26
33
22
28
44
30
26
38
33
26
27
17
33
34
27
27
31
31
30
23
17
21
34
27
32
28
27
18
41
24
31
2
35
25
32
26
33
33
24
33
34
29
33
28
25
30
21
29
31
24
28
31
28
32
14
30
27
33
32
81
25
37
27
31
26
25
28
20
29
37
31
4
28
35
32
30
28
23
33
28
31
36
32
30
25
30
33
17
27
27
32
32
32
33
30
28
28
20
36
2
33
31
26
34
33
25
28
26
39
32
29
40
29
28
33
27
31
29
31
20
32
31
25
11
21
29
14
26
28
27
23
13
34
33
32
29
32
34
17
31
25
32
27
29
35
34
40
30
29
27
36
24
10
33
26
30
29
26
29
30
31
30
56
40
17
27
22
29
30
25
19
37
25
39
23
23
29
34
32
24
33
27
62
29
21
33
19
21
25
30
22
32
17
30
32
19
23
28
26
36
23
32
22
31
33
31
38
32
23
24
40
33
37
30
23
30
25
27
28
41
21
33
23
33
29
31
31
31
33
24
35
34
28
33
27
32
30
31
31
31
20
14
22
24
30
15
27
30
30
49
29
17
22
21
39
17
31
21
28
30
8
26
31
37
27
34
32
33
34
31
31
32
33
39
25
31
21
26
31
31
17
26
32
29
15
36
29
34
32
30
31
30
34
37
35
27
33
29
12
30
31
27
27
18
24
24
33
33
30
17
25
35
33
26
18
27
36
25
27
34
21
3
34
31
36
35
15
30
30
32
32
27
33
31
33
32
23
35
25
35
39
31
31
19
26
30
23
34
33
23
36
22
21
35
29
25
28
20
23
31
9
35
30
26
35
30
33
28
27
30
37
38
27
35
31
3
29
52
22
25
28
18
16
28
40
19
36
31
32
38
35
29
34
21
28
29
33
26
22
31
25
29
25
26
31
36
30
24
18
33
15
35
30
29
22
16
34
24
35
45
17
29
27
34
34
27
32
24
27
29
26
32
68
35
19
31
38
15
7
18
34
24
29
31
35
23
33
31
32
34
34
36
29
19
24
27
25
35
29
28
25
26
38
61
24
21
32
33
33
40
31
68
32
30
54
29
30
32
16
31
17
64
17
19
26
30
30
19
6
30
33
35
31
29
34
36
33
27
23
32
26
32
34
36
34
24
34
22
61
25
35
30
26
28
33
31
41
25
28
36
33
29
29
18
21
22
32
26
30
26
26
25
28
35
25
25
15
34
12
35
38
31
19
30
29
15
33
32
23
33
33
33
25
30
38
39
33
18
31
31
29
30
25
37
32
28
25
36
29
22
6
30
31
35
27
31
40
36
11
17
32
35
31
28
24
32
29
36
23
21
24
35
36
35
35
26
29
32
22
35
35
29
31
29
33
35
31
38
33
28
23
29
27
30
31
33
36
24
36
32
33
30
13
22
31
23
24
25
24
26
27
26
31
34
30
22
33
27
35
30
33
29
31
34
33
29
30
37
31
25
12
26
28
30
15
20
28
31
29
34
28
20
19
31
28
32
28
31
25
34
27
38
30
25
31
19
32
29
36
30
29
19
27
24
31
35
32
35
26
4
29
32
4
34
34
29
36
35
12
28
33
35
31
26
26
41
28
31
23
25
33
29
33
37
28
29
30
31
33
29
28
17
36
20
26
29
22
32
32
22
10
23
34
30
27
34
34
35
29
33
26
32
29
26
16
29
24
22
16
16
21
16
28
28
26
31
31
29
21
32
19
18
23
29
22
20
33
27
29
30
41
27
39
33
28
16
28
30
12
17
28
35
21
28
23
27
14
22
35
36
22
28
14
33
18
28
33
32
34
30
23
26
30
37
23
27
37
36
29
27
21
27
30
30
14
27
35
5
28
28
36
31
32
22
30
36
34
24
24
25
21
36
25
31
32
31
28
34
30
35
32
67
28
18
26
33
34
31
33
31
30
19
31
37
35
28
27
27
43
15
14
30
29
32
30
26
19
13
7
26
31
24
32
21
25
30
31
15
30
26
28
36
25
32
36
31
31
31
27
25
21
21
30
33
29
30
37
30
33
32
29
35
28
29
4
51
22
32
24
31
28
29
30
36
36
29
32
31
27
34
32
20
15
31
29
32
35
32
35
28
33
28
27
29
31
24
24
26
35
38
35
33
31
32
34
16
36
30
36
24
33
27
28
19
35
31
31
38
34
32
23
32
28
11
22
32
26
26
29
17
31
26
64
28
29
14
11
26
32
25
22
36
22
26
26
36
29
28
32
34
30
29
28
35
30
27
41
34
49
28
33
9
25
27
16
22
26
34
33
23
35
35
36
26
58
34
33
31
101
27
33
36
22
28
26
25
31
23
27
22
29
29
29
16
33
34
24
27
27
16
37
28
25
30
28
29
36
35
32
30
33
31
33
24
27
28
26
38
26
24
41
20
29
29
16
27
20
23
16
31
30
21
39
25
28
11
23
24
25
17
24
35
12
32
28
18
26
35
32
15
28
30
19
25
31
27
30
27
35
28
29
37
35
30
20
32
15
31
30
31
36
31
21
25
25
26
24
27
34
27
27
28
35
28
35
27
23
35
33
27
22
32
30
32
32
19
24
37
31
24
36
30
33
6
31
32
29
30
27
27
34
27
25
24
27
34
23
31
24
28
14
51
19
28
32
22
25
25
23
29
29
33
30
17
32
19
18
33
29
29
28
29
27
24
21
34
33
33
32
28
12
30
30
28
29
24
28
15
25
32
33
32
32
48
26
20
27
30
35
29
13
28
25
28
30
27
30
26
30
11
25
28
33
31
27
28
33
27
31
28
17
29
32
26
35
29
31
22
32
11
12
30
29
21
23
31
14
47
37
26
25
23
30
32
27
28
30
25
30
23
32
26
15
9
30
32
34
26
24
32
21
28
26
24
30
27
35
31
29
22
19
31
31
24
29
23
30
36
16
24
25
32
37
33
33
34
35
38
34
27
34
31
35
27
33
37
20
23
33
30
13
18
29
23
27
20
33
5
30
37
35
14
35
22
37
32
36
34
26
27
26
33
34
31
27
33
33
30
35
33
27
37
18
25
23
22
20
17
29
37
22
29
34
28
32
25
33
30
36
35
27
33
26
21
27
33
30
63
32
13
21
24
32
19
36
29
17
28
30
27
25
26
27
27
33
23
20
32
37
13
37
9
38
27
30
34
6
43
35
36
25
32
27
14
21
30
32
27
35
37
33
30
29
34
34
20
30
29
33
14
25
30
26
23
30
29
48
30
25
23
8
30
23
9
15
62
15
35
3
21
26
34
21
19
13
26
19
27
16
22
27
20
23
9
32
27
22
18
26
37
27
31
25
9
31
15
23
20
32
15
31
30
26
33
26
30
18
33
33
32
28
23
20
28
10
29
26
19
37
33
31
33
20
20
23
44
34
31
33
32
31
56
28
23
32
19
22
20
25
27
28
32
30
16
27
12
20
27
30
28
24
19
26
21
33
9
25
22
12
30
18
20
31
26
23
35
31
26
18
32
27
29
33
18
55
13
34
25
16
22
51
26
28
33
35
35
20
26
24
21
31
31
27
21
34
32
32
28
36
32
28
21
31
29
32
34
14
36
21
27
30
32
16
33
29
28
20
33
28
26
30
28
26
29
23
37
34
29
34
26
28
37
33
34
28
29
33
30
29
25
29
19
27
30
21
31
18
15
26
23
22
14
33
32
24
34
29
30
24
29
25
27
16
19
5
25
27
29
26
34
21
24
31
39
24
24
47
31
31
35
25
34
37
33
5
32
20
28
22
34
27
27
19
21
19
30
22
22
21
27
31
39
14
34
31
37
35
28
26
31
31
14
19
31
29
33
34
32
20
29
34
40
30
20
21
35
36
31
29
29
21
32
18
28
25
21
22
34
28
27
33
30
30
24
30
26
25
25
36
15
28
31
35
31
21
28
26
35
25
28
35
33
35
24
31
21
28
31
22
25
14
31
24
23
38
22
29
27
3
31
37
6
28
36
18
11
22
38
27
29
17
19
33
36
32
16
32
16
23
24
31
21
33
25
23
28
29
28
24
29
26
21
31
14
22
35
27
35
25
23
28
31
22
24
27
31
6
28
16
30
20
37
28
28
15
31
33
23
24
28
30
33
16
27
30
24
31
32
29
31
30
22
26
30
26
35
31
11
26
38
36
23
26
31
30
24
35
31
21
25
23
34
32
33
17
32
29
31
23
21
33
22
20
16
26
29
30
34
29
25
22
30
18
21
19
14
26
26
20
74
26
37
28
26
33
25
35
26
33
22
34
30
25
16
46
36
23
2
28
25
23
32
23
28
27
13
32
28
25
27
21
26
24
25
31
34
25
30
34
32
27
26
33
21
27
37
26
33
34
17
8
27
34
33
29
39
15
28
30
26
30
30
18
30
22
32
32
33
21
32
23
32
33
22
26
17
28
26
31
7
28
25
33
32
31
28
28
32
21
27
27
26
17
18
30
21
26
21
34
33
24
29
31
22
26
35
36
18
21
36
24
26
30
32
29
31
29
25
29
27
25
33
28
27
31
19
36
28
33
30
20
28
27
23
29
31
18
31
29
27
19
15
27
32
21
25
19
19
29
25
26
29
23
17
33
14
35
27
31
27
29
22
24
33
24
33
26
28
34
25
27
29
28
20
34
27
26
20
26
31
29
30
33
33
24
34
31
29
28
38
32
27
23
26
32
35
26
32
32
32
25
16
20
30
21
18
19
32
34
30
6
20
28
21
16
29
32
27
27
24
33
14
26
32
32
15
28
24
30
20
20
29
21
28
25
29
29
24
32
4
24
33
26
3
15
7
31
28
32
21
26
17
19
28
35
29
30
29
25
12
29
32
23
32
24
20
24
28
22
25
38
34
11
33
30
26
30
22
26
38
25
26
30
29
33
19
21
31
27
20
30
25
25
7
30
29
30
24
31
12
28
27
28
27
28
29
33
31
33
27
30
29
29
34
27
30
19
32
21
33
31
23
27
24
17
50
30
15
29
23
19
13
18
33
3
24
23
15
27
26
22
24
21
30
27
31
25
29
35
32
34
31
26
28
22
31
28
29
20
21
14
24
34
30
19
29
11
29
39
25
24
32
20
21
27
32
32
7
22
27
25
19
30
22
29
13
17
26
20
14
24
30
25
27
21
25
25
33
31
19
29
24
33
29
23
28
20
35
33
26
32
28
29
19
28
34
30
25
23
21
27
24
26
34
33
39
32
31
25
30
35
32
20
6
24
17
24
32
17
36
21
30
30
21
30
32
32
25
25
32
34
26
35
33
28
30
22
32
23
24
32
26
30
26
33
29
29
15
20
30
21
33
30
28
27
29
14
28
30
29
29
36
26
11
24
30
26
27
15
25
25
24
21
26
22
31
28
26
30
28
31
22
26
34
23
30
23
37
25
15
19
13
33
29
32
31
23
18
26
11
23
18
59
31
15
31
30
30
36
24
31
2
22
19
16
27
15
39
22
11
30
34
28
21
29
21
24
24
27
24
30
23
32
36
35
30
28
26
34
28
19
22
7
25
31
30
24
28
26
13
33
25
22
31
21
31
29
36
38
36
32
30
26
24
23
36
31
28
24
14
28
5
25
24
14
21
27
51
25
29
23
17
16
30
30
32
26
8
28
28
26
33
20
33
29
22
31
23
31
21
23
15
21
21
24
28
20
28
39
22
31
28
24
27
25
20
30
33
28
30
30
26
27
30
33
30
31
31
29
18
14
30
34
19
31
33
20
35
21
31
18
28
31
26
24
12
28
19
29
17
26
31
29
22
19
30
26
17
18
37
21
17
9
30
25
30
36
22
20
9
24
31
17
30
21
25
29
17
31
24
39
32
18
26
21
16
22
27
27
12
30
30
25
32
24
18
31
38
27
9
29
27
28
31
27
32
30
11
28
30
23
30
30
33
30
28
35
30
31
30
21
31
34
25
24
28
17
22
24
27
25
37
30
5
31
29
23
29
11
33
30
19
45
10
31
9
36
26
20
31
17
2
22
30
23
24
26
35
2
34
31
15
28
33
24
29
32
27
34
32
31
10
22
16
29
28
30
27
29
24
25
19
32
27
81
28
16
23
19
16
30
26
30
27
14
20
31
28
25
21
3
28
22
22
29
35
23
32
27
2
31
18
24
34
29
31
22
28
28
30
33
21
29
21
34
25
25
26
28
26
34
27
19
37
3
23
29
28
22
15
24
28
29
34
15
33
25
37
22
28
25
38
27
23
17
32
27
30
21
27
15
26
25
32
27
13
39
35
8
37
30
32
35
22
27
11
30
28
27
19
11
22
23
29
34
20
27
25
32
3
24
20
17
32
19
25
32
29
30
14
15
14
27
31
30
29
26
28
23
34
16
7
30
25
27
29
15
24
15
30
27
31
29
21
25
30
25
18
22
24
26
25
7
28
21
20
32
29
23
23
31
25
13
23
27
34
33
22
28
32
33
27
11
25
26
18
31
19
23
13
31
17
25
28
21
28
13
28
23
34
29
32
37
25
30
33
41
26
21
26
24
23
30
33
11
30
22
32
27
16
30
16
26
16
20
25
19
28
31
36
29
25
27
22
29
23
26
26
35
16
31
8
35
31
23
30
37
29
27
25
22
22
26
25
24
35
28
33
32
24
22
24
33
32
9
25
23
34
23
27
33
29
25
7
18
21
30
32
2
30
17
29
20
16
26
20
23
29
11
2
21
19
25
30
22
24
31
28
20
30
18
23
26
28
24
31
29
20
30
25
26
2
22
20
32
30
32
31
27
15
12
21
26
20
32
26
24
26
21
26
34
18
29
25
31
35
20
30
3
29
7
12
24
15
14
12
27
17
29
30
28
29
6
28
16
20
29
18
24
32
27
13
30
30
24
27
32
17
19
14
24
4
26
14
33
20
28
27
30
33
17
23
22
36
29
29
29
6
29
33
20
6
34
19
27
21
30
31
20
25
35
30
34
20
32
25
25
27
35
25
21
33
16
30
10
28
21
28
26
25
34
10
21
22
27
24
15
21
25
15
26
27
17
24
29
35
35
28
36
25
28
30
25
24
30
13
29
26
18
31
18
33
27
29
26
23
25
36
32
26
20
35
25
23
30
30
32
23
29
29
30
22
27
32
11
15
31
31
14
22
26
26
23
23
31
25
26
22
35
16
34
33
9
29
25
33
7
21
35
30
25
21
26
29
17
25
31
17
28
20
18
19
27
30
27
29
17
30
21
29
28
30
31
30
27
30
31
28
27
29
11
2
24
30
25
24
24
35
29
28
30
27
27
39
35
27
28
27
31
29
23
26
30
28
11
35
32
23
30
16
15
16
24
29
14
28
17
32
22
26
26
25
25
28
32
2
23
31
32
25
22
25
31
15
25
25
38
20
23
30
20
33
20
26
27
26
28
32
29
15
29
25
28
16
31
27
33
24
28
32
6
21
21
17
24
31
19
29
26
32
25
9
23
20
22
22
23
11
35
25
20
18
31
29
22
7
18
32
24
24
23
31
30
22
32
21
29
30
30
29
23
23
28
24
25
17
33
14
21
24
21
26
24
151
28
31
27
28
33
26
36
33
21
17
29
31
36
30
31
22
27
24
25
28
21
8
6
24
6
16
27
35
33
28
34
24
27
22
10
17
25
26
18
29
28
24
26
32
32
32
31
15
32
27
16
15
27
29
13
26
27
16
35
33
17
24
22
2
30
14
24
20
24
23
27
16
24
32
27
2
23
19
30
33
30
19
27
21
15
25
25
29
34
23
23
34
24
32
32
16
33
21
12
31
29
31
28
28
12
8
20
29
25
23
30
18
30
32
22
28
32
14
36
32
30
25
23
25
35
19
30
24
31
30
21
9
14
28
30
27
19
27
4
19
18
9
19
20
27
10
30
25
32
30
26
6
29
23
30
25
32
25
26
32
29
25
27
64
7
30
27
18
21
22
25
23
26
19
21
18
32
28
29
30
30
16
29
28
29
27
26
33
15
10
11
27
25
26
4
29
35
23
21
34
14
26
24
32
28
19
23
23
12
24
20
27
27
16
30
9
21
19
27
22
30
22
35
28
28
17
34
19
24
24
27
34
31
25
23
24
27
27
27
32
2
14
9
24
20
20
33
15
29
29
36
30
30
27
32
37
26
28
27
29
29
32
31
29
4
56
25
20
28
23
29
39
27
22
24
19
28
18
25
31
16
26
23
23
32
28
20
25
20
10
20
25
24
26
28
25
27
23
20
21
16
22
28
21
35
28
21
22
20
33
23
33
19
24
24
20
26
28
22
25
26
26
27
29
15
25
7
22
24
4
25
28
23
20
28
23
20
31
12
16
17
28
20
16
17
24
35
36
27
28
23
31
35
27
23
28
32
27
33
31
23
13
24
30
12
22
2
26
23
16
34
29
33
29
26
26
27
35
28
23
24
26
24
24
25
19
35
21
23
17
19
22
15
19
7
9
29
7
25
21
11
26
10
23
34
31
31
32
12
21
30
31
30
30
27
23
24
31
23
28
18
27
33
28
17
27
29
25
20
15
28
31
18
11
19
13
24
29
27
25
26
25
13
30
6
16
22
25
26
26
14
19
27
27
26
38
31
30
24
27
9
26
22
3
35
12
30
8
18
17
33
27
33
7
14
29
31
25
23
32
29
29
13
29
27
23
33
28
32
30
44
30
24
21
25
28
32
32
8
28
34
31
27
21
24
30
22
8
17
25
16
17
28
15
29
24
27
9
33
27
36
8
28
25
36
14
32
15
20
33
28
25
28
16
31
35
25
25
29
24
22
35
30
26
32
30
21
23
24
24
34
27
26
29
27
18
23
28
28
32
29
5
23
34
5
19
25
13
33
31
33
20
19
12
16
29
20
11
24
19
20
26
27
25
28
25
34
22
19
7
29
24
32
26
22
31
25
30
31
29
25
22
28
25
33
32
17
19
18
33
29
13
31
4
32
26
18
26
25
22
24
23
26
26
25
19
26
19
34
27
16
25
28
28
23
27
32
32
26
22
15
24
32
28
25
17
35
12
24
22
37
25
14
24
34
32
38
20
31
24
36
27
24
32
25
31
21
25
31
31
37
20
30
23
25
19
17
33
12
28
34
16
14
23
22
21
9
24
26
30
34
21
15
2
30
32
23
28
23
17
17
22
22
24
10
27
18
18
17
30
22
11
29
27
24
28
28
26
29
21
24
27
20
18
14
30
26
22
21
14
21
24
21
26
17
24
28
20
27
19
34
23
10
7
16
28
18
22
11
31
33
27
28
33
19
28
26
32
25
4
29
26
23
18
18
29
10
9
28
12
26
20
28
27
17
29
28
20
15
30
22
23
28
30
29
20
31
29
25
23
17
24
23
17
24
29
13
22
24
30
18
17
32
23
11
31
20
20
28
7
23
29
16
29
13
20
24
29
25
30
29
30
34
30
30
21
27
14
27
26
30
27
25
17
31
7
30
20
29
28
14
32
21
36
31
29
33
34
22
13
14
24
31
21
32
22
16
31
31
31
15
29
27
27
13
29
28
28
19
26
34
26
25
14
22
31
20
26
29
20
24
27
10
32
25
22
14
18
16
29
21
29
16
29
37
13
32
20
29
22
36
19
23
32
16
25
34
14
26
26
26
31
28
13
27
30
15
19
33
21
15
28
30
16
33
31
23
16
28
30
28
24
20
29
23
28
13
26
32
16
29
23
16
26
9
31
31
29
25
25
28
26
30
27
24
30
18
36
28
13
30
28
25
9
37
27
24
12
28
33
23
30
20
24
32
25
20
34
30
24
21
25
24
20
14
23
31
13
23
23
27
30
18
31
33
24
36
4
33
31
20
24
13
29
24
34
28
33
12
25
17
27
30
27
28
26
29
32
28
28
29
32
32
14
33
25
17
31
9
25
21
10
25
33
30
21
23
16
15
32
22
35
31
16
27
24
7
5
36
30
9
30
25
5
16
22
15
18
23
23
35
2
32
28
21
28
27
28
22
30
28
27
30
28
28
13
12
21
28
19
17
17
26
26
8
29
26
4
26
22
16
14
24
25
27
29
30
25
17
21
30
27
27
26
34
29
25
11
24
22
18
29
28
28
26
28
35
25
11
31
15
4
27
6
8
24
28
24
9
27
2
32
21
19
10
25
25
27
27
4
7
18
29
14
23
24
22
4
11
29
24
27
25
15
29
11
21
21
12
30
32
11
28
33
31
14
3
24
23
18
20
25
26
27
21
28
22
26
31
27
32
26
26
28
23
34
28
24
31
26
21
22
30
26
35
26
29
26
24
3
27
13
27
29
27
27
19
14
26
31
25
31
16
8
14
24
2
20
14
24
28
30
26
27
31
16
18
8
27
32
17
22
24
14
26
27
15
13
22
28
14
36
15
19
26
17
22
20
26
24
8
28
20
23
12
3
27
22
27
27
7
29
6
20
30
30
26
26
12
31
19
8
32
34
32
27
23
26
28
28
30
28
25
25
25
21
27
32
26
28
36
22
25
17
31
22
3
27
27
9
22
21
34
23
27
31
24
21
11
27
23
28
23
3
11
24
29
31
37
23
26
29
19
29
23
8
14
31
16
4
25
30
29
28
11
18
25
31
30
26
22
21
28
17
33
20
24
32
2
23
29
29
24
18
18
30
33
31
23
24
24
32
26
7
36
18
17
4
25
20
18
3
21
7
25
32
18
25
12
20
17
29
27
30
10
30
8
29
25
14
23
25
7
30
8
29
27
24
30
31
37
25
33
17
17
28
20
28
22
33
23
7
31
27
17
12
29
34
28
22
23
20
26
27
32
27
26
2
27
23
23
2
6
37
2
2
33
27
27
33
19
26
23
20
14
21
18
36
29
24
13
30
20
24
5
15
22
12
24
28
32
32
24
6
15
23
30
29
37
30
26
28
22
30
23
24
13
22
26
10
16
17
16
13
19
26
13
15
28
29
21
15
28
27
30
33
30
12
38
30
21
26
24
22
28
26
35
24
18
11
11
9
13
19
22
20
19
17
18
31
31
17
24
22
14
11
30
29
23
23
29
25
16
24
18
23
31
28
24
28
22
6
26
28
25
5
30
10
25
26
12
33
24
20
18
17
16
30
22
10
33
24
28
30
26
2
32
24
20
32
2
23
15
4
35
31
19
62
20
24
15
19
25
29
22
9
21
22
19
18
24
17
27
28
31
24
29
24
24
24
30
32
25
9
23
16
18
26
25
24
19
23
14
23
24
14
28
21
30
26
18
18
19
36
27
21
20
28
29
30
17
23
17
15
26
22
15
31
5
9
20
10
17
26
40
36
29
14
24
30
21
14
9
17
19
26
24
30
12
25
28
16
18
34
13
30
21
33
28
21
26
27
27
20
17
27
30
22
27
16
28
20
12
22
27
27
24
26
28
21
15
22
14
22
25
19
26
26
19
31
16
28
18
29
31
15
23
17
42
21
21
4
27
42
19
17
25
26
21
26
2
9
11
28
28
23
23
16
2
27
5
21
21
20
27
30
21
19
14
22
2
27
32
30
19
7
27
21
27
10
21
30
24
19
12
24
22
17
28
21
6
32
17
3
23
35
23
25
25
31
31
24
14
43
27
26
24
20
26
18
16
29
19
28
14
27
7
27
29
19
26
24
29
29
27
25
13
30
11
14
27
18
18
23
27
8
23
26
25
24
27
12
19
15
30
26
33
33
22
32
24
33
4
18
16
26
24
17
19
20
27
29
6
28
28
31
11
30
50
33
19
32
23
28
25
31
16
16
26
11
31
17
28
16
18
28
26
28
5
25
20
56
16
14
21
28
32
16
10
14
19
26
21
6
14
23
19
29
23
29
23
32
19
8
4
24
30
29
32
17
15
25
23
22
31
30
13
4
28
22
29
26
29
15
22
21
40
27
19
19
21
28
25
32
33
19
22
19
26
25
23
25
35
34
26
25
27
8
25
31
30
16
26
29
17
22
27
17
17
17
26
30
23
22
18
20
20
30
18
22
21
14
22
25
6
57
26
11
17
13
28
19
16
27
14
33
16
16
25
19
17
30
22
20
29
21
30
20
15
25
16
15
24
35
19
33
26
30
16
39
21
13
19
16
15
26
10
26
23
27
27
30
16
30
23
18
15
23
29
16
35
27
32
19
32
21
24
34
16
2
23
12
24
21
21
24
38
25
29
17
7
23
28
19
30
21
31
22
23
20
30
14
19
3
24
18
26
19
20
29
18
24
25
22
11
26
21
32
25
19
18
23
21
29
28
23
22
4
14
33
31
27
16
15
34
21
13
27
27
32
8
31
29
4
31
11
28
27
19
28
19
18
24
11
29
33
22
22
15
14
31
18
32
35
18
17
19
12
16
11
31
29
27
14
25
20
24
12
23
10
16
12
12
5
6
9
22
24
30
26
2
16
22
29
28
12
14
34
22
14
15
29
15
22
14
29
17
13
29
22
17
31
32
22
27
20
24
16
17
25
24
11
17
10
19
25
29
18
23
16
19
22
26
26
22
26
14
31
28
30
10
24
21
30
15
29
26
29
29
15
32
17
35
23
4
24
27
24
23
10
19
28
28
26
9
9
2
26
18
21
28
52
29
14
9
28
4
30
28
12
29
26
25
5
32
14
22
13
25
16
6
18
32
22
33
26
25
20
12
29
8
17
23
19
26
22
23
22
29
29
28
16
28
28
31
24
28
29
27
37
15
27
35
18
8
14
19
26
33
26
31
21
16
21
15
7
13
21
20
11
17
27
28
18
23
11
18
12
21
29
23
15
21
25
29
28
32
29
27
21
17
7
27
7
28
29
21
12
14
36
25
15
27
23
3
26
19
30
19
32
22
24
24
26
30
24
23
22
11
16
19
21
32
35
16
26
21
18
25
17
15
24
31
26
16
13
14
26
25
20
11
23
20
22
32
20
16
27
12
25
15
30
18
21
28
12
20
30
27
13
22
15
29
18
20
11
8
32
17
19
7
21
25
23
14
20
30
29
21
18
26
22
21
22
28
6
15
28
18
32
14
28
32
25
25
22
23
15
3
31
29
25
24
2
22
32
2
26
19
22
23
27
24
25
25
22
13
30
26
13
11
28
34
25
23
16
32
21
27
24
6
27
13
26
23
15
22
30
16
31
30
23
28
9
23
26
16
15
9
24
24
22
24
23
27
22
24
30
26
19
32
26
16
27
12
26
31
32
22
12
28
13
18
19
19
17
13
21
20
13
19
24
27
30
24
7
24
30
27
9
17
30
3
23
25
22
32
6
25
28
24
20
20
18
10
25
24
22
29
15
15
33
15
17
23
26
13
28
25
23
30
16
33
24
23
17
27
30
15
2
25
32
13
14
18
21
11
2
11
25
27
31
26
12
13
26
18
31
33
2
10
25
21
36
18
22
27
17
26
17
16
17
20
29
31
36
26
22
23
9
23
36
15
25
26
15
18
7
10
16
28
19
23
28
20
16
32
27
12
17
4
16
32
21
23
8
23
32
32
17
25
25
10
33
21
27
28
30
25
16
33
11
23
30
14
22
16
31
25
13
23
32
23
18
30
26
19
34
15
14
14
6
7
7
32
9
24
19
25
12
3
28
13
23
18
31
19
34
10
20
36
18
28
39
31
6
24
11
16
25
22
21
16
29
5
5
25
20
2
26
16
26
20
17
35
27
28
35
4
17
7
12
2
22
26
3
14
23
9
3
17
28
27
25
15
14
16
24
2
23
29
35
29
21
7
12
28
24
24
11
7
23
19
5
20
24
23
18
31
25
17
9
30
27
25
4
25
24
5
32
24
16
25
28
24
24
26
23
27
29
29
19
16
27
23
27
4
24
27
22
21
29
19
24
22
27
19
18
19
24
12
14
18
30
19
25
2
10
19
23
16
27
29
26
27
15
19
16
16
20
8
19
22
20
24
29
27
20
6
30
34
19
19
24
20
22
21
19
25
23
26
23
10
26
21
27
18
18
28
30
8
21
13
8
12
16
32
26
21
26
26
3
18
30
26
22
28
32
23
24
28
24
12
20
18
23
28
20
23
25
20
19
29
21
17
12
22
11
25
28
23
16
27
13
19
20
25
20
31
31
27
14
8
20
2
14
23
25
31
9
32
25
15
20
31
27
26
32
27
28
17
27
20
15
5
13
14
18
31
32
16
23
27
19
25
27
34
21
30
14
19
18
14
20
9
20
11
29
27
7
14
25
21
19
22
6
28
24
10
30
2
5
19
2
28
16
29
20
18
7
11
21
30
26
19
27
15
22
19
18
30
24
32
30
25
18
21
23
18
19
17
16
23
15
28
26
21
21
23
14
18
21
27
21
23
19
15
26
27
22
31
27
29
32
14
23
28
20
17
14
16
32
25
24
15
22
17
21
24
29
22
15
30
34
29
18
29
21
20
8
30
23
19
15
24
6
16
31
33
10
21
5
30
23
23
5
17
22
23
21
31
27
14
29
33
23
5
14
27
25
20
21
33
26
19
26
16
4
13
15
13
26
30
30
29
33
15
10
22
34
21
17
15
23
9
22
22
32
29
25
30
45
24
28
30
23
6
14
26
22
22
25
14
23
25
22
30
16
28
35
30
22
20
28
9
18
30
29
27
31
19
21
8
18
27
15
24
23
12
9
3
16
22
28
29
10
17
14
29
28
22
27
17
17
32
5
26
13
11
28
16
27
24
26
30
26
33
31
13
29
20
23
24
15
35
24
10
24
29
27
14
25
15
14
20
17
24
27
24
12
28
15
10
16
16
6
16
7
29
28
11
29
18
14
17
24
24
30
14
29
46
31
19
19
30
24
3
24
27
29
17
23
26
18
29
19
19
31
18
13
25
32
28
30
11
13
14
23
17
28
8
21
31
25
11
12
25
20
13
19
16
26
30
24
28
18
4
17
30
25
13
26
25
15
26
26
32
13
33
13
33
6
12
21
13
19
24
24
28
26
25
12
29
25
10
23
15
24
14
29
30
29
22
31
17
15
5
18
11
22
27
16
19
17
31
19
17
28
23
18
22
18
18
28
21
16
21
13
20
25
25
26
20
21
6
15
34
29
16
28
25
21
22
15
25
16
9
28
21
14
16
23
28
12
13
34
18
32
25
29
28
3
30
28
19
17
13
25
18
16
26
26
18
19
19
24
33
8
20
14
27
38
30
29
24
31
27
26
25
19
24
6
28
18
14
25
22
16
17
23
25
24
16
19
13
18
27
11
7
25
19
25
24
20
23
19
23
18
8
26
21
23
28
10
21
17
16
17
27
21
16
19
16
18
20
12
49
31
2
12
24
7
25
27
17
21
26
18
18
22
18
15
25
17
27
23
17
9
28
25
26
33
17
20
23
20
12
16
26
19
31
27
12
28
25
26
23
24
23
24
26
26
22
9
24
17
26
28
23
10
26
3
29
23
24
11
23
3
7
29
19
33
20
30
27
16
3
24
14
13
10
27
27
20
30
24
14
24
31
30
32
27
31
33
10
16
18
5
33
20
21
27
28
11
33
37
21
19
18
33
25
12
3
27
30
26
19
25
23
24
26
10
24
25
4
21
31
21
18
17
33
15
13
17
14
21
21
34
8
51
27
25
19
22
27
28
25
23
17
28
22
23
20
28
31
5
26
4
35
24
25
26
22
28
26
18
30
30
24
24
12
31
23
5
17
19
23
6
25
22
34
19
26
6
17
25
9
25
6
24
12
19
23
30
25
12
21
30
19
18
14
22
15
24
18
9
10
12
25
19
26
14
10
29
29
18
21
26
13
22
23
10
26
28
23
8
16
27
24
30
28
10
13
23
24
15
21
3
31
17
23
18
24
18
24
3
16
24
4
15
26
30
19
26
27
28
15
23
10
23
20
11
23
4
26
28
26
35
25
28
29
13
20
17
18
19
27
28
27
21
25
12
7
28
11
13
26
25
26
20
13
13
28
19
23
18
32
30
13
26
19
24
19
26
24
20
30
20
19
27
20
8
24
13
11
30
11
2
12
29
21
16
30
8
26
15
11
19
19
23
20
9
21
24
7
15
21
11
19
23
14
5
30
25
22
27
22
26
17
14
24
12
12
14
21
17
32
12
2
7
13
13
26
13
8
23
13
28
27
23
21
22
13
6
7
21
20
29
16
29
24
29
15
19
19
24
32
12
23
13
21
34
9
23
31
30
20
17
8
18
18
3
20
34
25
31
26
7
27
18
7
29
3
24
27
25
13
31
12
8
22
27
19
13
22
25
25
24
23
27
18
22
20
30
27
25
14
4
19
16
2
30
24
28
20
11
29
25
29
20
25
30
9
19
4
18
8
19
23
24
15
20
31
18
26
8
3
16
21
14
23
17
23
29
30
20
11
13
17
25
27
28
13
16
15
24
25
28
21
3
14
25
15
20
22
24
25
22
27
3
17
3
18
26
22
31
16
12
7
25
11
4
25
20
23
9
4
26
20
15
5
31
25
26
16
23
20
26
20
27
9
32
21
24
19
28
23
30
32
26
21
27
17
23
26
28
6
27
25
28
19
7
10
22
27
9
17
28
10
27
28
23
24
23
17
31
19
16
24
27
13
22
16
17
27
27
32
5
12
19
4
26
20
20
27
24
23
19
24
25
18
2
25
32
20
24
24
29
21
24
33
29
24
15
23
27
25
30
16
33
33
17
24
12
10
10
13
16
21
12
25
13
26
23
17
25
20
21
9
28
14
20
13
15
13
12
14
29
13
34
22
27
29
15
2
4
27
25
31
10
33
18
31
8
31
22
26
23
23
13
23
15
26
11
16
23
33
12
13
9
17
8
18
34
19
19
25
27
25
23
3
18
24
29
10
28
27
30
19
28
14
2
9
12
22
8
22
22
25
16
21
29
15
33
21
15
18
22
10
10
16
26
30
28
25
21
22
2
14
9
29
26
21
19
26
26
13
14
23
12
28
27
14
27
29
23
6
27
4
25
4
25
14
3
14
10
25
15
27
26
8
11
22
11
13
21
12
14
24
7
21
23
22
31
21
22
30
20
20
20
17
26
26
21
10
34
25
16
22
16
27
12
26
31
29
3
25
28
32
24
24
10
23
8
10
24
28
32
13
4
9
25
25
21
14
26
22
26
19
11
14
33
18
17
21
16
27
6
36
19
16
20
10
8
23
21
24
23
2
7
12
17
20
4
14
2
20
32
18
25
27
35
24
33
15
31
11
19
19
26
12
9
26
24
30
8
16
11
11
16
15
18
22
11
28
15
24
10
25
17
4
5
17
21
22
26
16
23
7
34
15
11
20
27
5
20
26
29
30
31
6
24
19
27
17
27
20
22
25
20
19
20
3
28
23
27
18
24
15
7
21
28
19
20
23
28
6
21
22
33
16
20
17
25
29
20
22
14
29
20
26
23
17
16
16
21
22
18
8
28
21
18
27
19
5
24
19
26
18
23
9
29
11
17
25
14
7
16
18
22
17
13
21
18
27
25
17
21
2
10
2
13
22
8
22
17
22
4
29
23
25
21
22
32
24
9
6
28
21
24
20
16
27
29
3
18
21
26
4
7
27
27
18
20
27
20
11
21
5
15
24
15
24
17
25
23
12
25
13
22
2
28
19
21
9
26
15
9
15
20
21
30
19
21
29
23
29
16
27
13
9
20
33
24
24
9
3
19
15
11
22
16
27
32
17
11
30
9
17
18
29
19
19
17
21
20
34
25
18
8
24
20
21
13
29
16
21
23
25
27
13
21
11
40
11
25
23
5
16
31
20
24
21
18
26
17
28
9
14
25
31
10
23
14
27
14
23
26
13
13
11
18
17
25
14
12
18
21
24
19
21
18
18
23
15
30
22
27
8
18
26
10
30
13
24
24
15
21
24
10
6
18
24
18
15
14
25
4
24
7
24
30
32
4
17
20
12
13
25
24
20
32
15
10
27
23
27
18
34
26
23
11
26
31
26
24
16
10
21
10
7
16
10
19
31
19
28
26
27
19
7
16
25
27
24
23
23
21
17
4
26
26
28
18
7
18
31
28
2
31
12
28
15
22
16
22
14
14
20
21
14
18
23
16
29
27
32
26
29
14
14
20
22
7
29
15
22
12
26
26
14
13
12
15
20
9
25
9
17
11
28
15
19
21
28
15
20
3
10
9
13
24
16
27
26
18
21
31
19
28
7
22
22
18
23
27
24
26
16
13
13
10
22
29
17
30
25
8
16
26
10
18
18
22
21
6
19
6
13
16
24
21
26
16
17
25
26
26
5
26
6
15
22
15
18
6
54
24
18
9
7
28
25
26
22
21
22
12
23
28
14
27
24
3
11
22
25
13
19
29
20
23
23
26
17
3
23
21
14
19
26
22
4
8
6
6
30
12
30
22
9
20
24
28
25
7
23
29
20
20
17
18
2
11
19
16
16
5
8
24
20
15
2
11
28
27
27
7
23
27
26
23
22
37
15
17
23
27
23
8
13
13
15
11
22
21
20
22
27
9
10
26
23
19
23
4
22
22
19
15
16
27
27
12
20
28
28
11
11
8
3
18
8
19
23
24
18
21
15
7
17
28
18
16
19
20
25
26
25
25
25
28
5
29
24
7
26
18
8
11
26
13
24
23
12
23
28
21
15
8
25
31
27
8
12
22
27
33
13
19
13
18
26
2
19
26
11
24
29
29
15
4
4
14
27
34
28
21
9
8
31
26
19
32
22
15
17
23
13
18
9
7
19
26
32
19
30
9
18
21
2
17
17
30
28
7
17
27
11
26
16
23
21
27
26
27
29
22
17
19
15
20
19
30
15
20
10
29
21
2
20
15
24
14
25
29
5
23
25
72
14
20
11
16
38
6
8
5
26
22
21
28
13
20
12
8
13
28
8
15
11
16
23
22
11
26
26
23
23
12
43
31
26
31
22
8
13
22
14
2
20
25
18
25
21
24
10
15
17
25
17
21
8
17
20
50
11
22
24
41
27
4
13
24
17
18
2
32
28
29
20
38
21
16
9
27
14
24
18
29
18
25
14
18
24
30
25
38
25
14
23
5
18
27
2
29
31
11
16
3
3
3
21
18
10
10
9
19
17
22
21
21
15
27
21
8
8
22
25
8
3
2
17
22
28
23
4
18
3
25
14
26
17
15
27
29
17
8
14
10
15
26
16
23
27
8
19
12
4
22
11
25
3
122
13
22
12
22
22
28
14
24
20
37
25
22
10
8
19
11
24
15
16
18
22
3
22
18
29
28
24
30
59
25
15
22
23
12
15
21
25
9
14
3
29
20
16
14
22
29
24
10
25
26
14
5
15
13
14
7
18
7
11
10
18
5
24
26
22
25
17
23
17
15
18
19
3
26
30
29
26
14
19
18
18
22
23
15
2
26
4
10
25
14
15
19
14
9
21
25
15
17
23
14
13
19
13
15
13
14
16
26
11
7
18
15
6
14
6
4
16
4
16
22
9
8
16
20
17
15
20
13
17
26
20
7
5
18
14
26
4
12
4
27
22
12
15
11
29
8
16
24
20
15
18
15
2
23
4
4
26
11
25
27
13
18
22
5
23
11
23
16
14
21
5
22
3
19
18
6
15
4
3
9
7
22
15
11
27
19
6
28
7
12
27
13
12
6
12
19
27
26
20
12
20
19
11
7
17
18
6
22
13
11
4
3
20
9
8
6
22
6
15
24
21
5
19
18
9
12
25
19
10
20
15
19
11
15
9
23
31
4
3
9
20
12
27
31
11
8
19
15
25
4
24
23
9
13
8
12
18
22
10
21
2
27
25
12
18
24
11
10
21
13
5
25
20
19
6
15
3
18
22
18
13
19
14
12
24
29
4
17
2
11
30
21
17
19
2
19
5
12
11
6
22
27
23
27
14
21
19
28
21
3
17
23
17
23
19
19
2
16
6
23
15
17
15
25
14
16
15
28
14
6
5
20
9
18
8
8
16
15
4
8
12
3
17
8
26
21
11
14
24
19
17
11
2
11
16
6
7
21
3
21
29
23
7
14
24
16
12
22
21
5
3
22
19
10
6
10
14
4
10
10
13
5
10
21
16
4
5
11
13
20
16
10
13
28
16
2
7
18
10
4
17
13
15
4
23
16
6
5
11
23
10
23
10
11
14
27
4
13
20
26
27
16
15
14
15
12
8
10
19
23
11
21
4
11
18
14
7
10
24
16
10
14
21
18
2
15
5
4
7
18
14
18
3
13
12
20
10
25
6
7
12
20
21
13
16
2
8
16
5
7
6
15
16
15
12
3
27
13
22
6
21
17
9
22
13
16
12
20
7
18
22
8
7
27
14
13
55
6
37
34
28
25
9
26
9
10
17
11
14
25
4
20
10
23
9
11
10
10
3
12
25
17
9
11
22
18
14
4
45
12
25
7
24
5
23
2
4
9
11
24
17
3
18
15
24
15
16
3
4
24
7
6
28
25
23
15
3
22
18
24
6
20
16
14
16
17
17
10
13
14
18
2
18
10
23
9
14
2
8
16
6
24
7
22
14
45
3
17
7
61
13
19
3
16
14
13
12
2
16
6
17
10
35
11
9
11
7
15
17
15
12
18
10
20
12
16
4
9
37
22
13
3
23
16
22
15
7
7
7
11
24
13
12
23
18
20
17
14
6
8
10
6
6
8
6
22
10
16
37
8
5
18
8
15
28
7
21
19
3
9
8
5
16
11
13
15
16
2
18
10
10
21
18
8
10
13
17
9
6
15
6
6
8
16
2
13
18
21
10
12
19
6
16
23
12
37
17
18
12
11
28
23
12
9
15
18
11
9
21
8
3
15
12
16
4
16
9
9
7
3
15
7
30
16
17
20
18
34
19
10
7
2
2
17
13
10
16
4
55
19
7
21
13
5
10
5
5
12
13
19
23
6
10
16
10
6
3
10
22
8
14
10
17
11
12
8
20
56
12
3
16
13
22
11
4
5
10
7
9
8
5
7
19
14
15
11
4
6
4
5
39
3
16
9
19
11
18
19
8
5
6
9
15
4
17
12
17
23
17
3
4
22
24
9
9
16
10
10
21
18
36
30
19
4
4
4
10
9
14
9
22
2
12
15
12
7
8
5
11
